1555	2135
2135	1556
2685	2683
2633	2685
2633	2686
2285	2284
2284	1089
880	881
1	2
4	5
5	6
6	7
7	2
3	14
15	702
15	701
701	16
16	17
703	19
19	704
704	18
703	20
20	21
20	705
21	22
705	23
22	23
23	22
24	25
25	26
25	26
708	24
23	27
27	708
27	25
708	707
707	25
707	706
707	28
30	28
25	29
30	29
709	27
23	710
23	710
30	31
31	709
31	711
709	32
32	33
33	34
33	711
709	712
712	33
709	710
33	36
34	36
711	37
37	36
35	30
37	38
35	713
713	39
713	714
714	1584
1630	44
1632	1633
1633	717
1632	717
717	718
718	717
718	719
719	1127
720	721
721	722
724	723
723	722
724	1632
722	46
46	725
725	1153
724	45
725	716
1628	716
725	726
726	727
728	716
729	728
729	1628
730	731
730	729
730	732
156	47
47	48
47	49
47	734
47	733
47	1628
736	729
737	738
738	739
740	51
741	51
727	51
739	742
307	53
53	744
53	746
745	55
55	744
745	1613
746	745
54	747
54	746
746	748
52	743
743	56
56	749
56	54
747	743
727	742
727	58
58	751
752	727
752	57
727	57
57	753
57	59
59	754
59	54
747	54
54	60
60	57
730	61
61	756
756	755
755	60
54	759
54	759
759	757
757	747
759	62
62	750
62	746
758	760
756	757
64	66
64	769
64	767
767	765
765	763
64	63
763	63
63	762
763	762
764	762
65	766
766	63
63	768
67	68
67	764
762	770
770	771
771	761
762	772
772	757
761	2027
762	750
762	750
761	760
750	745
715	773
69	65
69	774
774	775
775	767
767	775
204	70
776	70
70	69
69	777
69	776
777	71
1642	69
1642	69
1540	78
1540	10
733	50
50	736
736	779
50	72
72	73
73	72
72	73
72	732
779	67
779	74
74	736
74	729
1058	50
779	63
1059	779
1059	768
1058	779
735	1058
735	1058
1061	735
735	733
320	1061
1061	1062
1061	1065
1065	1064
1064	1063
1064	1063
1063	1060
1060	1059
76	1060
1063	75
321	1064
1060	1059
77	1064
321	77
778	76
1634	1064
1634	1064
157	778
75	63
1540	1539
10	1539
1539	9
1539	1537
1537	1542
1537	1533
1533	1534
1538	1532
79	1530
79	1538
1534	1535
1535	1536
1534	1536
79	1529
1529	1541
1529	1543
80	81
81	1545
81	11
1545	82
1544	87
87	1545
87	83
83	84
1544	85
85	86
85	1546
97	94
94	93
93	91
91	92
91	90
90	89
209	89
89	1551
1553	12
1549	101
101	104
104	105
105	106
106	107
104	103
103	102
102	1552
1552	100
100	1550
100	1543
100	101
102	99
99	98
99	88
102	1554
96	1554
96	95
93	137
137	1557
1557	96
137	1556
1557	2157
94	1561
97	210
97	108
1561	1582
1582	1580
1582	1562
1562	1560
1560	110
110	1573
1562	112
112	113
1562	111
110	1574
1574	111
1574	1583
1583	1564
1564	1563
1563	126
109	1563
1563	138
138	108
108	109
108	1573
109	1555
1555	1559
1559	136
136	1581
1581	121
121	1565
121	122
109	124
124	123
313	311
313	311
311	312
311	310
311	1617
1617	1618
310	1622
1618	1623
1621	1624
1624	1625
1624	315
315	1625
315	316
316	317
316	318
1623	317
317	319
319	1625
1622	1626
1626	320
322	321
322	321
321	1626
1626	323
321	1627
1624	151
151	1629
1629	1631
1631	150
1631	1628
1629	152
152	1630
1628	153
153	1632
1630	1632
1632	1630
321	154
154	155
154	1634
1635	1634
318	156
1636	1638
1638	1637
1638	1639
1638	157
1634	157
1634	157
157	1641
157	1641
1641	1640
1639	1640
1640	1642
1640	1642
1640	158
158	160
160	161
158	159
160	162
162	164
162	163
164	165
165	174
164	166
166	167
166	168
168	169
169	170
169	171
158	171
164	172
172	173
175	176
176	174
176	177
173	182
177	179
179	181
178	179
180	178
183	179
183	184
184	186
184	185
171	202
202	203
202	203
171	196
196	199
196	197
197	198
198	201
197	200
198	203
203	193
193	194
203	204
193	192
192	182
192	191
191	195
203	205
205	206
205	207
177	190
190	191
191	189
189	188
183	187
188	208
187	1643
1643	1644
1644	209
209	1646
1646	1645
1644	210
210	208
207	715
1559	124
1565	130
130	131
131	132
132	1568
1568	130
130	127
127	1568
127	1567
1567	1568
1567	126
126	127
1567	1566
1566	114
114	1572
128	1577
128	120
120	1575
120	1576
120	129
129	1569
129	1570
1570	1571
1571	115
1571	1572
1572	117
117	119
117	116
117	118
1568	139
139	1569
139	1570
191	128
120	134
1570	125
125	1578
1578	135
134	1579
1578	140
140	133
119	211
211	212
83	1648
1648	1547
1547	233
233	232
232	231
231	230
230	238
238	1650
238	1546
1648	1649
1648	216
216	1651
1651	214
214	215
214	213
213	1648
213	1652
1652	229
1649	234
1651	239
229	1653
1653	217
217	1658
1658	1655
1655	1654
1654	1656
1656	1652
1656	227
227	228
1656	222
222	223
222	224
1658	218
218	219
1658	220
220	221
1656	1657
1659	225
225	1659
1659	225
1657	226
242	1657
1657	240
240	1659
1657	241
241	1657
1653	236
236	237
1649	235
1558	248
248	1661
248	247
247	1554
1554	1664
1664	244
1661	249
249	250
113	250
250	251
244	243
243	1663
107	1660
1660	235
244	245
1675	473
1584	39
39	40
40	1585
657	670
670	1813
1777	1829
1828	1777
1830	1803
1787	643
673	644
643	1817
1114	643
1124	660
660	1138
1816	645
645	646
646	1819
1822	1837
1826	1809
1825	663
663	1809
663	1776
1826	1115
675	1847
1847	1789
1797	1810
1810	1798
685	1813
1828	1827
1827	1813
1831	687
687	1828
687	688
1830	689
689	688
688	1777
1777	690
1843	690
1794	1812
1799	700
693	1848
1803	1134
1134	1832
1831	1832
680	1831
1803	680
666	1778
1778	658
658	1832
1136	1135
1820	1135
1135	658
658	1137
1137	680
1832	1779
1814	1801
1801	1779
1798	659
659	678
659	1779
1784	1779
1784	1833
2400	2401
2401	2402
2397	2398
2397	2395
1751	2399
1751	2399
1751	2397
1754	2404
2404	1754
1754	1753
1753	2404
2404	1747
1747	2404
1754	2406
2412	2407
2407	1754
2407	2408
1753	2418
1747	2405
2405	2409
2409	2410
2409	2411
2411	2412
2405	2419
2405	2423
2419	2420
2420	2421
2420	2422
2405	2424
2424	2432
1749	2433
1749	2425
1749	2427
2427	2426
2426	2428
2428	2427
2428	2429
2429	2430
2430	2431
2431	2424
1754	2414
2414	2415
2414	1742
1742	2416
1742	2416
2413	1742
2413	1742
2413	2412
2417	2412
2325	1731
2325	1755
1731	1755
2412	2326
2326	1755
2326	2327
2327	1755
1004	1750
2059	1214
733	735
735	733
2315	1670
1670	2316
1670	2312
2312	2324
2324	1670
1670	1671
1670	2317
2317	2318
2318	1672
1672	2319
1672	2317
1672	2320
2320	2321
2320	2322
2322	2323
2307	1673
1673	2306
1004	1748
1750	1005
1004	1006
1006	1007
1007	1008
1008	2361
1008	1006
1751	1008
1756	1008
2361	1009
2361	1010
1010	1751
2361	1011
2361	1012
1751	1757
1757	1751
1032	1033
1033	1034
1034	2395
1032	1031
1031	1752
1752	1031
1752	1033
1752	1027
1027	1752
1028	1029
1028	1029
1028	1759
1759	1028
1759	1027
1759	1026
1026	1027
1027	1025
1023	1027
1022	1021
1021	1022
1021	1024
1024	1023
1023	1021
1021	1017
1017	1025
1710	1020
1020	1018
2670	2671
2669	2670
2669	2692
2692	1501
2692	1501
2692	2691
2691	2690
2692	2690
2688	2689
1499	1507
1507	1840
1496	1840
1496	1508
1508	2687
2687	1840
1840	1378
1840	1378
1797	1415
1797	1415
1797	2732
2731	2732
2732	1810
1810	1798
1810	2733
2733	1798
1798	2734
2734	1416
1416	1417
1416	2737
2737	2736
1416	2735
2735	1798
1416	1799
1416	1799
1799	1418
1799	1418
1800	2741
1800	2740
1800	1419
1418	1420
1420	1419
1419	1422
1422	2739
2739	2738
2738	2742
2742	669
2742	2743
2743	2744
2744	686
686	2745
2745	1423
1813	1424
1424	1425
1425	1426
1425	2747
1426	1827
1426	2746
2747	1827
1827	2746
1828	1827
40	1586
714	1587
36	1589
1589	36
38	1588
1589	41
1589	43
1590	42
1590	43
43	257
257	258
41	1590
1588	1590
257	37
260	259
259	257
1588	261
261	262
261	1591
259	1591
257	1587
1592	259
1591	263
263	1591
1591	1592
1591	1593
1593	1594
1594	1595
263	264
264	1596
264	265
1586	266
266	267
266	268
268	271
267	271
271	269
269	268
268	275
268	276
276	1597
269	270
269	272
272	274
274	273
275	1598
283	282
277	282
282	1598
277	276
1592	278
278	277
264	286
286	1599
286	1600
263	1600
285	1600
277	279
279	281
279	280
280	285
281	284
285	289
289	301
301	284
301	292
292	293
292	294
294	298
298	296
296	299
294	1598
1606	294
1606	297
297	1607
1607	1603
1603	1598
1603	1602
1602	287
287	1601
287	274
274	273
1603	302
299	300
289	290
290	291
289	1604
1604	303
303	295
303	300
1600	1608
1608	1612
1612	304
304	305
305	304
1610	304
304	306
306	1610
306	307
306	1611
1611	1613
1613	1610
1608	308
308	309
309	1613
1613	1614
1614	1615
1615	1616
1616	308
1619	1618
1620	1621
1618	314
314	1621
418	419
418	417
417	1070
421	420
423	412
412	425
425	431
422	1773
422	412
422	424
424	430
424	426
426	1067
1067	429
429	428
429	426
426	427
426	432
432	433
432	434
434	1772
432	435
435	436
436	437
437	406
436	438
441	440
440	435
436	442
442	1074
1683	442
220	444
444	1073
1073	443
443	1072
444	445
445	446
446	447
447	448
448	449
447	1072
1072	1071
1071	441
447	324
324	450
324	256
451	450
431	1075
1075	1082
1082	1083
1083	325
325	450
325	1084
1084	328
328	1085
1085	328
1085	1076
1076	339
451	326
326	327
326	1077
1077	1079
1079	1085
1079	421
1077	423
1080	439
1077	1078
1078	329
1078	333
1078	1080
1080	330
1077	411
1081	1086
1086	334
338	135
338	337
337	1088
1088	1089
1089	211
337	1087
1087	335
1087	326
140	1087
420	341
341	340
341	1091
340	331
340	1510
1510	1511
1511	1100
1100	1512
1512	411
1081	332
1081	1092
1528	342
342	1093
1093	1527
1093	1092
1093	1526
343	326
343	1079
343	344
344	1081
329	1080
335	345
345	336
345	334
334	346
346	1094
1094	347
347	1579
347	775
767	342
769	1527
1526	1525
1525	354
750	1525
1092	348
348	367
353	352
354	355
354	1526
1526	369
369	1100
369	349
1100	356
356	349
349	350
350	352
352	353
354	368
368	351
351	352
351	1100
351	357
357	358
1100	359
1100	1516
1516	359
1100	358
358	1516
348	1100
1512	1516
1516	1096
1096	1097
358	1099
358	363
363	361
363	1099
1099	1108
1099	360
1099	362
362	1509
1509	1098
1098	370
370	1109
1097	1095
1095	364
364	365
364	366
366	407
1095	366
355	1102
1102	1517
1517	371
750	372
372	1518
372	373
373	1514
1514	374
1514	375
375	1106
750	1515
1106	1105
1105	1104
1101	1103
1519	1520
1099	377
377	376
376	378
378	379
1099	378
377	380
380	1520
1519	378
380	382
380	381
370	1107
381	1097
381	383
383	384
384	1107
384	385
385	366
384	386
386	1096
1107	387
387	417
1107	1521
1520	1522
1521	144
144	145
1107	1523
1522	1524
1524	141
141	142
146	141
141	146
141	143
143	1614
1614	147
147	145
147	1616
142	1531
1531	145
145	300
145	1605
1605	1604
290	149
149	148
148	1616
1608	1609
245	246
246	1662
251	252
252	1662
252	253
1662	119
1662	254
254	236
236	237
254	255
255	256
1667	213
1667	1547
1548	1665
461	460
1665	1677
1665	1676
1665	1666
1666	13
13	468
468	469
469	1668
469	1669
1669	470
470	471
471	472
472	1670
1670	452
452	1671
1670	1672
1672	456
456	453
453	452
454	453
456	455
455	457
457	458
457	459
459	1673
1673	466
1546	461
213	462
462	461
462	1652
462	463
462	464
464	465
467	474
474	464
1652	474
227	475
475	474
475	466
471	478
478	477
477	476
478	1678
477	472
1678	1679
1678	479
1679	480
480	481
480	482
455	1681
1673	1674
1681	486
486	1682
1682	484
484	485
1672	487
487	484
487	483
221	488
488	1683
1683	489
488	490
1657	490
1657	491
490	1684
1684	492
492	491
492	493
493	494
494	495
494	495
494	497
493	496
496	497
497	498
498	502
498	503
503	498
498	501
501	499
500	499
226	499
226	505
505	506
506	507
507	504
504	505
504	494
507	1686
508	509
509	510
509	515
508	517
517	1685
515	516
516	1686
504	1688
1688	512
512	514
193	1647
512	513
513	1687
1687	501
1687	498
515	1688
240	1686
1659	518
518	519
518	517
511	520
520	1688
521	520
520	522
522	521
522	486
520	524
524	1689
524	523
1680	1693
1693	531
531	526
526	1691
1691	527
527	1692
527	1692
527	528
1690	1691
1690	525
525	1689
1689	525
525	529
482	1693
483	536
536	535
535	532
532	531
532	533
533	534
534	1693
534	1694
533	1695
1695	535
533	536
528	537
537	538
538	542
542	530
530	539
530	1689
542	541
541	543
543	538
543	1697
541	540
540	541
541	540
540	541
1697	545
545	544
544	1696
1696	545
544	523
513	1697
1697	548
548	547
547	513
548	546
546	1698
527	1702
1702	1700
1703	1700
1700	1704
1700	549
549	1700
549	550
1700	551
551	552
538	551
1699	552
1701	556
555	1698
1701	1698
1698	554
554	1699
552	557
554	559
559	563
563	558
554	558
558	1699
558	561
558	562
562	564
564	565
559	560
560	566
560	1705
621	620
1743	1745
1743	620
622	1745
620	625
625	626
626	627
625	623
623	621
623	624
624	628
624	628
633	623
630	629
629	623
630	631
632	629
629	627
627	632
628	634
635	633
635	636
635	637
637	1747
637	638
638	637
1748	632
636	639
639	1749
1749	640
1748	641
1748	641
1748	1750
1750	389
389	632
388	1748
388	622
1751	388
622	1752
634	390
1753	390
1753	1754
1754	393
393	391
391	1742
391	1742
392	391
1747	1753
587	1750
1750	636
636	1731
636	1731
1749	1755
1755	1731
1731	1755
392	1755
591	1750
577	1712
576	1758
1758	1759
1759	394
1710	394
1710	1756
394	395
395	1757
1759	396
396	1752
400	1760
1760	398
398	397
397	1719
397	399
399	398
398	288
288	287
302	400
498	1764
1764	1701
1764	401
401	402
401	1762
1762	1765
1763	403
403	1761
403	1766
1768	1767
1767	1771
1768	1769
1769	404
404	1770
1769	405
1770	407
407	408
1770	415
415	409
415	410
410	411
1770	414
414	409
414	412
412	1773
1773	405
404	413
1067	1066
1066	405
1606	1069
1069	416
1069	1068
1068	299
413	418
562	557
564	1706
573	1718
1718	1717
1717	567
1717	1716
567	566
566	1713
567	568
572	566
572	1715
574	1718
574	1719
1719	1720
574	1714
1714	569
569	568
1714	576
1705	577
577	569
577	1711
1711	570
570	571
571	1710
1710	575
570	1709
1709	578
578	1706
1706	578
578	1707
1707	578
578	1708
1708	578
1702	1734
1734	553
588	589
588	1732
1732	1733
1732	1727
1734	588
562	1721
1721	1722
1723	590
1722	1727
1727	581
581	582
582	580
1707	591
1707	1726
1726	1725
1725	586
586	1726
586	584
584	1724
584	587
1724	1728
1728	580
580	1730
581	1729
1729	585
1724	1729
582	1731
582	583
583	582
1728	592
1728	592
1727	579
579	1730
1736	593
593	594
594	1735
1735	579
1735	1737
1737	595
1737	596
596	597
597	1740
1740	596
1740	1741
1740	598
598	599
599	598
599	600
599	601
597	605
605	601
597	1742
599	602
1739	598
1739	603
603	1738
1739	602
1729	1739
579	604
604	1738
1728	603
1738	607
607	606
614	611
611	610
610	609
610	611
610	608
608	609
613	612
612	611
612	614
614	615
615	613
615	616
616	617
617	618
618	615
614	619
619	614
620	618
620	619
619	621
1815	1114
1815	1846
1846	1786
1786	1816
667	1817
671	1806
1806	1125
1806	1112
1112	1125
1125	668
1112	668
668	1819
668	1818
646	1125
1126	1788
1819	1126
1125	1788
1817	1788
1817	1788
1774	1782
1820	1782
1774	1126
1126	1774
1781	1110
1110	1780
1788	1111
1111	1110
1783	1833
1832	1804
1137	1779
1806	1805
1787	645
642	644
1816	642
642	1817
644	1819
1114	660
1138	1139
1139	1140
1140	1141
1141	1142
1142	1806
648	1836
1775	1144
1144	648
1144	1143
1143	1835
1807	647
647	1836
1807	649
649	1127
1837	1145
1145	1823
1823	661
661	1790
1823	1838
661	1838
1838	1146
1146	1147
1147	1148
1148	1814
1790	1149
1149	1128
1129	1808
1808	1150
1150	1128
1163	1161
1158	1157
1158	1164
1158	702
702	1161
1161	1159
1159	1160
1159	1162
702	1
1930	1929
1929	1928
1928	1927
1928	1931
1931	1932
1932	1933
1927	1932
1932	1939
1939	1940
1940	703
703	1939
703	1941
1941	1937
1937	1942
1937	1935
704	1935
704	1936
1936	1935
1936	1934
1929	1934
1937	1938
705	1943
1943	1944
1944	1945
1945	1946
24	3
708	707
707	706
1946	708
710	1945
710	1947
709	1949
1949	710
1949	1950
709	1950
1950	1952
709	1952
1952	1948
1952	711
712	1953
1952	1951
711	1948
1948	1954
1954	1584
714	1957
1584	1957
1957	1587
713	1955
1955	1585
1584	1956
1585	1586
1587	1588
1960	1590
1590	1588
1588	1959
1959	1589
1589	1958
1958	1588
1588	1590
1587	1590
260	4
1587	2525
2525	2526
2525	2527
2527	2528
1592	1593
1593	1595
1593	2527
1592	1594
1592	1597
1597	1598
2531	1598
2531	2530
2530	1600
1599	1596
1600	1599
2532	2529
2492	1639
1639	2493
2493	2494
2494	1640
1639	2495
2495	2491
2495	2498
2498	2497
2497	2496
2498	1640
2498	2500
2500	2501
2501	2498
2498	1641
2498	2499
2499	2480
1641	2502
1642	2501
2505	1642
2505	2506
2506	1642
1642	2503
2503	2504
2506	2507
2507	2508
1642	2508
2508	2509
2509	2510
1643	2514
2514	2513
2513	2512
2512	2511
2511	2515
2515	1644
1130	1151
1129	1151
1151	654
1796	1152
1153	1152
1795	1153
1796	662
662	1795
662	1826
1847	1154
1128	1155
1155	1797
1154	1155
1846	1156
1156	1116
1116	1117
1156	1117
1117	1839
1117	1839
666	1118
1118	682
682	1842
1842	1841
1841	1840
1840	1839
1839	681
1214	1761
1715	1216
1715	1218
1218	1761
1222	1224
1224	1225
1225	1762
1222	1221
1221	1223
1221	1217
1217	1220
1217	1216
1216	1219
1761	1227
1763	1226
1763	1222
1223	1701
1228	1701
1228	1687
1229	1228
1228	1229
1228	1764
1764	1230
1229	1231
1231	1232
1045	1710
1710	1045
1045	1043
1043	1042
1706	1037
1037	1709
1706	1038
1706	1707
1707	1708
1780	1779
1804	1780
1788	1781
1774	1781
1126	1833
1788	1833
1599	2532
2531	1607
2531	2533
2531	2056
2056	2534
2534	2533
2534	2057
2057	2058
2058	2060
2060	2061
2060	2063
2061	2062
1602	2059
1601	2533
2057	1603
1599	1604
1612	2070
2070	1609
1609	2532
2532	1608
1608	1610
2072	1610
2071	2072
2071	1608
1612	2068
2068	2069
1611	2074
2074	2075
2075	2076
2076	2077
2077	2078
2078	2079
2075	2080
2080	2079
1610	1613
1613	2073
2073	1615
1615	1616
1644	1643
2511	1645
1645	2516
1646	2517
2523	2522
2522	2521
2521	2520
2520	2519
2519	2518
2518	1647
2520	2524
2524	2523
2524	715
929	1633
1633	934
1633	934
934	936
934	935
935	937
937	936
937	717
717	938
938	937
2477	930
930	940
940	1632
930	933
940	939
932	931
933	931
931	2476
718	941
718	941
718	942
942	719
942	943
718	720
942	1785
720	944
944	945
720	2640
946	2640
946	947
946	721
721	946
721	949
949	948
949	723
723	950
950	951
950	952
952	953
953	954
954	722
722	955
955	953
953	956
953	957
957	956
957	959
957	958
958	960
957	961
961	962
725	966
966	725
725	967
967	968
968	725
955	965
965	970
970	971
971	722
971	972
970	969
664	1784
1814	665
665	664
697	664
696	665
698	1834
1812	699
699	1825
700	1798
1848	1134
1848	692
1806	1775
672	1807
1834	647
1835	1834
648	1834
1834	674
1819	674
1126	674
674	1821
674	1836
1836	1822
1822	1126
649	1113
1127	1785
1127	1785
1836	650
1127	650
674	1823
1788	675
1789	651
651	1128
651	1824
1128	1793
1793	1794
1824	1776
1793	1826
1793	1825
1776	1791
1792	652
653	1776
654	676
654	1826
1794	652
652	653
653	1795
1826	655
655	1825
655	1792
1128	1131
1794	656
656	1797
1797	677
678	1800
678	1132
1132	1133
1132	1799
1801	1799
1798	656
1797	1798
2710	1793
1793	1794
1410	2711
2711	2712
2713	2714
1789	1411
1411	2716
2716	2715
2715	1411
1411	1825
1825	1791
2712	1812
2712	2715
1809	2724
1809	2725
1809	2726
2725	2727
2726	2727
1791	1809
1809	1776
1809	2722
1791	1414
2722	1414
2727	1413
2720	2721
1413	2723
2719	2720
2717	2718
2718	2719
2717	2714
2713	1791
1825	2729
1825	1414
1825	1412
1791	2728
2781	1784
1833	1364
1833	2779
2779	1447
1833	1447
1833	1783
1833	2652
2652	2654
2654	2656
2656	2655
2655	1449
1449	2657
2657	2658
2658	1421
2657	1421
1451	1421
1451	1784
2659	1784
1779	1365
1450	1779
1779	1421
2648	2649
2648	2647
2647	1780
1780	2644
969	968
1740	1741
1740	1741
1740	1741
1739	2384
2384	2385
2384	2386
2386	2387
1738	2382
2382	1730
2382	2381
2381	2382
1738	2380
2380	1738
1738	2383
2383	1739
2367	2387
1728	2364
2364	2365
2364	2367
1738	2379
14	617
2388	2389
2389	1745
1745	1746
1746	1744
1744	2388
1744	1743
1743	1745
1746	2392
2392	2391
2391	1744
2393	2394
2394	1746
1745	2393
2393	2392
2392	2396
2388	2390
2395	2394
2396	2403
2403	1748
1748	2403
1748	2400
1748	2400
2400	2401
2069	1963
1963	1962
1963	1961
1962	737
1962	1966
737	1966
1964	1966
1965	1966
1966	1967
1967	1968
1968	1970
1970	1969
1966	1974
1974	1975
1975	1976
1971	738
738	1972
1972	739
1972	1973
1979	1978
1977	1978
743	1983
743	1981
1981	1980
1981	1982
743	1981
1983	1984
1984	1985
1984	1986
1986	1989
1989	1987
1987	1985
1987	1988
1988	1989
1989	1990
1990	1991
1990	1992
1989	1993
1992	1994
1992	1993
1975	740
1993	741
741	1978
1993	1995
1996	1999
2003	744
744	2011
2011	2010
2010	2009
2009	745
745	2010
745	2002
2002	2001
2001	2000
2001	2004
2004	2005
2006	745
2007	745
2007	2008
743	2012
1615	1614
1614	2081
2081	1613
2082	1614
2082	2083
2083	2084
2086	1620
2086	2085
2085	1620
1620	2095
2095	2094
2095	2097
2097	2096
2096	2098
2097	2098
2098	2099
2098	1619
1619	2099
2099	2100
2100	2101
2101	2102
2102	2103
2103	2104
2104	1618
1620	2087
1620	2088
1620	2088
2088	2091
2088	2089
2089	2090
2089	2091
2091	2105
2105	2106
2091	2106
2091	2092
681	1842
1786	1781
1781	683
683	1110
1110	1833
1801	679
679	684
684	1800
684	669
1799	1800
1800	669
669	685
657	686
670	1802
1843	1777
1819	698
685	686
1803	691
693	1119
1119	1121
1121	1120
1122	694
1122	1121
1122	1811
1811	1844
1844	1842
695	1845
1844	695
695	1122
1842	695
1123	1803
1123	1832
669	657
1018	1019
1019	1017
1017	1710
1015	1017
1016	1015
1016	1021
1759	1014
1014	1758
1014	1013
1013	1758
1758	1030
1758	1050
1047	1015
1016	1049
1214	2061
1214	1215
1215	2065
2065	2064
2065	2066
2066	2067
2067	1212
1212	1211
1211	1035
1035	1760
1760	1719
1212	1213
1325	1323
1323	1534
1323	1324
1324	1534
1534	1541
1541	1321
1321	1320
1320	1529
1529	1310
1310	1322
1322	1323
1310	1311
1529	1309
1309	1311
1311	1312
1312	1313
1313	1314
1313	1319
1319	1536
1536	1318
1318	1316
1316	1314
1314	1315
1315	1535
1318	1317
1309	1911
1700	1704
2598	1036
1716	1717
1715	1717
1717	1713
1717	1718
1718	1051
1051	1052
1052	1053
1053	1720
1053	1719
1052	1054
1054	1714
1714	1054
1054	1055
1714	1056
1714	1057
1057	1050
1050	1049
1049	1705
1049	1712
1713	1705
1048	1047
1047	1046
1046	1712
1711	1042
1042	1044
1044	1045
1873	1872
1872	2166
2555	2556
1578	2160
1654	2621
1495	1496
1494	1496
1376	1499
1499	1377
1498	1499
1498	1499
1376	1499
1839	1497
1497	1498
1496	1498
1499	1500
1500	1503
1499	1501
1499	1501
1501	1502
1502	1774
1502	1774
1503	1506
1506	1504
1506	1504
1506	1505
1506	1501
1505	1820
1820	1501
1505	1501
1774	1820
1820	1782
1774	1820
1911	1543
1543	1915
1915	1914
1915	1913
1913	1912
1544	1916
1916	1921
1921	1545
1545	1920
1920	1918
1918	1544
1544	1917
1917	1918
1918	1919
1917	1922
1922	1924
1924	1548
1924	1546
1546	1923
1923	1547
1543	1549
1549	2110
2110	1553
1361	1550
1361	1552
1361	1549
1549	2113
2113	2111
2113	2114
2114	2115
2115	2132
2459	2460
2460	2461
1838	2462
2463	2464
2464	2465
2463	2465
2463	2436
2463	1387
2463	2626
2626	1834
1822	1390
1822	2450
1390	2628
2628	2627
1390	2627
2627	1836
2629	2630
1836	2630
2450	1836
1836	2457
1836	2457
1836	1785
1785	1391
1392	1391
1390	1393
1807	2637
2637	1834
1834	1835
1834	2631
1835	2631
1834	2635
2631	2632
1834	2636
2636	1393
1333	1334
1333	1335
1337	1332
1335	1337
1337	1338
1338	1339
1339	1337
1337	1340
1339	2106
1339	1621
1337	1621
1335	1336
1330	1624
2109	1356
1356	1622
1622	1360
1360	1359
1359	1358
1358	1357
1357	1356
1356	1359
1360	1208
1208	1626
1210	1352
1352	1627
1627	1348
1627	1347
1626	1351
1351	1350
1350	1349
1350	1353
1353	1354
1354	1355
1627	1346
1346	1351
1346	1345
1345	1626
1345	1344
1344	1342
1342	1343
1343	1627
1342	1341
1336	2254
2254	2255
2255	2469
2469	2467
2469	1629
1629	2468
1629	2466
2466	2255
2472	2471
2471	2470
2470	1624
2471	2473
2473	1631
2470	1628
2467	1330
2467	2476
2476	2255
2476	1633
2476	2477
1634	2478
1634	2479
1634	2480
1634	2481
2481	2482
2482	1635
1636	1635
1636	2483
2483	2482
2484	2483
2484	2489
2484	2487
2487	2490
2487	2488
2487	2485
8	1635
1637	2485
1638	2486
2488	2491
2491	2492
1233	1234
1233	1231
2589	915
2589	2590
1689	2579
2579	1690
1690	1691
1691	2580
1689	2578
1691	2581
2581	2583
2583	2582
2582	1692
2582	2581
1687	2592
2592	2591
2592	1697
1697	2577
1697	1696
1696	1697
1697	1696
1697	2593
1701	2608
2608	2609
2608	1698
1698	2606
2606	2604
2604	1699
2604	2605
2604	2603
2604	2602
2602	2601
2601	2599
2599	2601
2599	2607
2607	1700
1700	2599
2599	2600
2600	2599
2607	2598
2598	1700
2597	2596
2595	2594
2594	1702
2594	2596
2596	1700
2267	2269
2268	1554
1664	2270
2157	2276
2276	2277
2278	2280
2280	2279
2279	1661
2280	2158
2279	2281
2124	1554
2158	2282
2282	2142
2271	2272
2272	2273
1841	1842
1841	1842
1774	1382
1380	1382
1774	1380
1774	1381
1380	2675
2676	1383
2677	1383
2677	2676
1383	2679
1383	2678
1383	2678
1383	2678
1383	1832
2680	1383
2680	1384
1778	1384
2681	1385
1385	2434
2434	1386
1386	1818
1385	1819
1819	1387
1387	2435
2438	2437
2437	2436
2436	1387
1387	2439
1387	2439
2439	1492
1492	1380
2439	2441
2441	1380
1381	2674
1381	2674
2674	2440
2674	1781
1781	2440
1781	1388
2440	1388
1781	2441
1788	1388
1781	2442
2092	2106
2092	2093
1618	1621
1621	2107
2107	2108
2106	1621
2106	1621
2101	1617
1617	2109
2109	1197
1197	1198
1197	1199
1199	1210
1199	1200
1200	1201
1201	1202
1200	1203
1203	1204
1203	1623
1623	1207
1623	1205
1623	1206
2109	1196
1164	701
1164	1163
743	2013
2013	2014
2014	748
746	2015
2015	2016
2016	2017
2016	2018
2018	747
749	747
2007	750
1303	1304
1304	1537
1906	1537
1537	1909
1537	1907
1907	1908
1908	1537
1537	1542
1537	816
816	815
817	814
818	813
816	817
817	818
818	819
819	811
819	1533
1533	812
1533	809
809	1534
810	1533
810	1534
810	1325
1325	1326
2621	2618
2621	1655
2621	2625
1652	2617
1658	2622
2622	2623
2623	2624
2622	1658
2263	2258
2258	2264
2258	1657
1657	2259
2259	1659
1659	2262
2262	2261
2259	2260
2619	1653
1653	2619
2160	2161
1660	2265
2265	2266
2266	2267
1660	1663
1663	2268
2268	2271
2267	2268
2267	2269
1483	1484
1484	1473
1816	1817
1817	1485
1485	1486
1787	1486
1486	1487
1487	1488
1486	1489
1489	1490
1490	1806
1806	1371
1806	1374
1374	1375
1372	1374
1372	1806
1373	1806
1371	1491
1371	1491
1491	1775
1775	1818
1491	1818
1485	1788
1817	1492
1492	1788
1492	1788
1370	1788
1493	1376
1376	1839
1376	1839
1494	1839
1495	1839
2132	2112
2112	2123
2123	2120
2120	2119
2119	2122
2122	2121
2120	2122
2214	2215
770	2020
770	2021
2021	2022
2021	2023
2023	2024
2024	772
772	2025
772	2019
2019	2212
2211	2026
2026	2028
2028	2029
2029	2030
2029	2031
2031	2032
2032	750
2028	750
775	2036
775	2037
2037	2035
2035	775
2035	2033
2033	774
774	2039
2039	773
773	2038
2033	2034
2035	767
2043	776
777	2041
2041	2042
2041	2040
2040	2042
2040	2034
2510	2247
2247	2504
2247	778
778	2247
779	2045
2045	2046
2046	2044
2044	736
2044	732
779	2050
2050	2049
2050	2225
779	2051
2054	2052
2054	2052
2052	733
2052	2053
2053	2055
2053	733
778	846
846	847
847	853
847	848
848	852
852	1063
853	1063
849	850
850	851
850	852
852	1064
1064	870
1065	854
1065	854
854	1063
1063	855
1063	857
1060	858
1060	845
845	843
843	844
2295	879
879	878
879	1678
1678	880
2297	880
880	2312
880	883
883	882
883	1679
2300	885
885	880
1679	884
1679	886
886	887
887	1679
887	1680
1680	894
1680	895
886	888
888	889
889	890
889	891
891	892
888	893
893	896
1672	1680
1673	1674
1673	897
897	2310
897	901
897	899
899	898
898	1673
899	900
901	902
902	1681
902	903
903	906
903	904
904	905
904	1682
1682	2564
1672	910
2322	907
907	908
908	909
907	913
913	912
912	910
910	911
911	914
914	912
914	915
914	2565
2565	908
2565	2567
2567	2568
2567	2564
914	917
917	918
917	926
926	925
925	928
928	2563
926	927
928	2569
2569	2564
2569	2563
923	925
914	916
914	916
914	919
919	920
919	921
921	922
921	923
923	924
2565	2566
907	906
910	1680
807	808
808	1094
2165	984
984	985
1513	775
1513	983
1513	981
981	982
982	983
983	1880
1513	986
986	987
985	988
985	989
989	986
1880	1528
1528	1881
1883	1882
1883	1884
1883	1885
1885	1528
1883	1889
1889	1888
1889	1528
1889	1893
1893	1092
1889	1890
1890	1891
1891	1892
1890	1887
1887	1886
1879	1092
769	799
799	800
800	801
800	798
799	802
802	803
802	804
804	805
805	1527
1527	1893
1893	1093
1527	797
1093	796
796	795
796	1526
1525	2216
2215	993
993	992
992	990
990	991
990	1526
992	1526
992	1525
993	1525
1525	994
2216	1291
1291	750
1526	794
794	795
794	793
1100	995
995	791
995	789
789	790
1517	997
791	792
790	996
996	1101
996	1102
1101	1099
1516	786
786	787
787	788
788	789
1100	786
786	785
785	784
784	783
783	1109
1109	781
781	1900
781	782
782	1097
1097	1098
1098	1509
785	1108
1516	999
999	1000
999	780
780	1903
780	1096
1096	1901
1901	1902
1096	1900
1900	1899
1899	1898
1898	1095
1096	998
998	1516
750	1518
1518	1001
1001	1002
1002	1514
1514	1003
1003	1106
1003	1246
750	1249
1249	1515
1515	1250
1515	2005
1515	1247
1247	1248
1248	1105
1247	1106
1106	1104
1104	1103
1102	1251
1251	1252
1252	1106
1102	1253
1253	1104
1105	2079
2005	1266
1266	1248
1105	1254
1104	1255
1103	1256
1103	1257
1257	1256
1256	1259
1257	1258
1259	1260
1260	1261
1262	1263
1263	1264
1264	1265
1260	1267
1267	2082
1267	1268
1101	1263
1263	1099
1519	2084
1261	1519
2084	1263
1520	1269
1269	2084
1269	1270
1269	1271
1271	1272
1272	1273
1097	1274
1107	1276
1276	1277
1523	1278
1278	1279
1280	1281
1281	1070
1281	1531
1531	1614
1272	1283
1283	1284
1283	1282
1520	1522
1522	1275
1522	1282
1282	1521
1524	1285
1616	1286
1286	1605
1286	1287
1287	1288
1605	1288
1288	1068
1765	1289
1289	1290
843	768
768	841
768	842
1058	869
869	868
868	867
869	865
865	1058
865	866
2045	2047
2047	2048
1061	864
864	735
735	862
862	863
863	864
735	861
861	860
860	1059
860	859
856	1061
1062	1065
1062	1354
871	872
872	1062
872	873
873	1209
873	874
1199	872
1641	849
1634	877
849	876
876	875
875	849
875	778
849	778
1301	820
1529	1292
1292	1293
1293	1294
1294	1295
1294	1530
1530	1910
728	1184
728	1851
1851	1195
1851	716
1851	716
729	1628
1628	1867
1867	1868
1868	729
729	1869
1869	2474
1867	2475
728	1857
1857	1855
1855	1856
1855	1628
1628	1851
1851	1852
1851	1853
1853	1854
1852	1628
1628	1853
1628	1858
1858	1859
1859	730
730	1860
1860	1861
1861	1863
1863	1862
1863	1864
1864	731
1863	1178
730	1866
730	1865
1868	734
734	1870
734	1870
1870	1869
1869	1628
733	734
733	734
733	734
2122	2133
2133	2118
2133	2116
2116	2117
2116	2132
2123	2124
1551	2125
1551	2131
1551	2126
2126	2127
2126	2128
1551	2129
2129	2130
1556	2134
1556	2136
2136	2137
1555	2138
2137	2156
2156	1558
1558	1580
2142	1562
1560	1561
1560	2141
2141	1573
2148	2147
2147	2149
2149	2150
2147	2151
2151	2152
2151	2153
2153	2152
2152	1572
1564	2145
1564	2146
1564	1566
1566	2147
2147	2144
2144	1574
2159	1574
1555	1559
1566	1567
1567	1571
1568	1569
1569	1570
1576	1575
1577	1576
1576	2143
1571	1572
1572	2154
1570	1578
2139	1565
1294	1296
1296	1297
1297	1298
1298	1532
1294	1299
1299	1300
1300	1302
1301	1302
1301	1532
1302	1303
820	821
821	822
822	823
823	824
824	826
826	827
824	825
825	829
826	828
828	839
839	838
838	837
837	836
836	835
835	834
834	833
833	832
832	831
831	829
829	830
829	1540
840	1904
1904	1539
1904	1905
1905	1906
828	1538
1538	1306
1306	1307
1306	1308
1538	1304
1304	1305
723	963
963	724
724	964
964	939
933	973
973	963
968	979
979	980
979	1165
1165	978
978	1166
1166	1167
726	978
726	976
726	977
1167	1168
1168	751
974	975
975	970
974	727
716	1175
716	1176
1176	1174
1174	1177
1177	716
1174	1178
1178	1179
1179	1180
1180	1181
1181	1182
1181	1183
1174	1171
1171	1170
1173	1172
1173	1174
1190	716
1190	1189
1189	1187
1190	1188
1188	1186
1188	970
970	1184
1184	1185
1184	963
1184	716
1192	1193
1192	1191
1191	1194
1194	1193
1194	728
1194	728
1707	1039
1707	1041
1041	1040
1734	2329
1734	2328
2328	2330
2330	2331
2330	2332
2332	2333
2332	2334
2334	2335
2335	1732
2328	1732
2334	2336
2336	2340
2340	1722
1722	2341
2341	1723
1723	2340
1723	2342
2342	2343
2343	2349
2349	1728
2336	2337
2337	2339
2337	2338
1727	2346
2350	2351
2351	1730
1730	2354
2351	2352
2352	2353
2353	1730
1733	2355
1721	2344
2344	2345
2345	1722
2345	2348
2348	2347
2348	1724
1038	1725
1725	1726
1726	2359
1707	2360
2360	2361
1040	2361
2361	1707
1709	2361
2360	1726
2360	1726
1729	2363
2363	2362
2363	2366
2366	2367
2367	1729
2366	1731
1724	2369
2369	2370
2369	2371
1724	2368
2355	2356
2356	2357
2357	2358
2358	1735
1736	2372
2372	2374
2374	2375
2375	2373
2373	2374
2375	1735
1735	2376
1735	1737
1737	2378
2378	2377
1740	2378
1740	2377
1815	1452
1452	1453
1453	1454
1453	1815
1455	1815
1456	1457
1458	1457
1458	1815
1457	1459
1459	1460
1462	1463
1460	1463
1460	1461
1461	1463
1463	1846
1369	1786
1369	1463
1815	1369
1815	1464
1815	1465
1815	1466
1815	1468
1468	1467
1846	1469
1469	1470
1470	1471
1471	1472
1472	1786
1471	1786
1369	1816
1786	1473
1473	1474
1474	1475
1475	1816
1817	1477
1477	1476
1473	1478
1478	1479
1479	1480
1482	1481
1480	1481
1481	1370
728	1849
1849	1850
2139	2140
2139	1581
1563	2155
1559	2155
2157	2136
1582	1560
2156	2158
2158	1558
1573	1583
1564	2144
1559	2162
1555	1559
1578	1579
1579	1925
1925	1926
1925	2163
2163	2164
1579	2165
2154	2166
1545	1648
1547	2167
1650	2610
1648	2611
1648	2612
2612	2613
2613	1648
1649	2614
2615	1651
2615	1653
1653	1651
1651	2620
2620	2618
2618	2616
2618	1656
1656	2256
1656	2257
2170	2168
2168	1977
2168	2169
2170	2171
1998	2168
1998	2172
2172	1994
2172	1995
2172	740
2172	1996
741	2170
2173	2174
2174	2175
2174	2176
2176	1997
2176	2177
2177	2178
2178	742
2178	2175
2178	2175
2178	2170
2175	2170
1999	2177
1999	2179
2179	1169
1169	751
1167	1169
2182	2183
2182	2181
2181	1996
2179	2180
2180	2184
2184	2185
2185	751
2185	2186
2186	2187
2187	2182
1170	2187
1172	2188
2188	2187
752	2188
753	2188
753	2189
2189	2190
2190	2191
2191	2192
2192	754
754	2193
754	2194
2194	2195
2195	2196
2196	747
747	2197
747	2197
2197	755
755	1180
1183	2197
2197	2198
1865	2207
2197	2199
2199	2208
2208	2201
2201	2202
2208	2200
2200	747
747	2203
2203	757
757	2202
2203	759
757	758
758	2204
2204	750
757	750
760	2205
2205	2206
756	2201
767	2250
767	2251
2251	2252
2252	2253
2251	769
769	2231
2249	769
2249	763
767	2248
2248	765
765	2232
765	2233
2233	2234
2233	763
763	2219
2219	2220
2219	2218
2218	2217
2218	762
765	2235
2235	2236
2236	2237
2236	2238
2238	766
766	2239
2247	2242
2242	2238
2238	2246
2238	2240
2240	2241
2242	2243
2243	2244
2243	2245
764	2224
764	2229
2229	2230
764	2221
2221	2222
2221	762
2223	2226
2225	764
2226	2227
2227	2228
2228	732
762	2209
762	2210
2210	2211
2211	2212
2211	762
763	2213
2213	2214
1196	1327
1327	1328
1327	1624
1623	1625
1624	1329
1330	1329
1329	1331
1331	1332
1330	1333
1775	2443
1775	2444
1775	1821
1818	1821
1821	1389
1389	2435
1389	2445
1389	2446
2446	2447
2447	2448
2448	2451
2448	2449
2448	1822
1822	2448
2445	2452
2452	2453
2453	2454
2454	1823
1823	2455
2455	2457
2457	1837
1837	2456
2456	2457
1823	2458
2458	1838
1838	2459
1762	1233
1762	1235
1235	1236
1236	1237
1236	1765
1763	1238
1238	1765
1243	1242
1243	1244
1243	1766
1766	1240
1240	1241
1240	1239
1766	1769
1768	2535
1767	1245
1245	1244
1769	2536
1771	2537
2537	2538
2537	1772
1067	1773
2539	2540
2539	1066
2546	2545
2545	2541
2541	2542
2542	2543
2543	2548
2548	2544
2544	2062
2548	2533
2548	2056
1606	2547
2547	1069
1069	1068
1605	1070
2550	2551
2550	2549
2549	1765
2550	2553
2553	2552
2552	1071
1074	1765
1683	2554
1073	2554
2554	1072
2554	2552
1072	2555
1088	2166
2166	1088
1089	1090
1090	2555
1090	1088
1080	1091
1082	1075
1083	1084
1081	1871
1081	1877
1877	1878
1878	1879
1092	1897
1897	1511
1897	1512
1897	1510
1512	1894
1894	1895
1894	1896
1079	2560
1079	1077
1078	2561
1078	1077
2562	1080
1078	1076
1076	1077
1077	1076
1077	1085
326	1085
1085	2557
1085	2559
2559	2558
1086	1874
1874	1875
1875	1873
1873	1874
1874	1087
1876	1081
1876	1875
1087	806
806	807
2258	1684
1684	2570
2570	2575
2570	2573
2573	2574
2573	1687
1687	2572
2572	1686
1686	2571
1686	2570
1686	1685
2262	1685
925	2576
2576	1688
1688	1687
2576	2577
1689	2577
895	2584
2584	896
2584	1693
896	1693
896	2585
1695	1694
911	2587
2587	2588
2587	2586
2586	1694
2586	2589
2272	2274
2274	2275
2275	2283
2283	1662
2610	1667
1665	1677
1665	2288
2288	2287
2287	2286
1665	2286
2286	2293
1665	2289
1666	2290
2290	2291
2291	1676
1676	2303
1676	2301
2301	2302
2289	2307
2307	2308
2308	2309
2309	2306
2304	2305
2304	1676
2304	2306
2290	2292
2292	1675
1675	1669
1669	2294
2294	2296
2296	2299
2299	1675
2299	2303
2301	2300
2300	2299
1668	2295
2295	2296
2298	2297
2297	2299
2300	2313
2313	2311
2311	2314
2311	2312
2312	2315
2315	2313
1828	1427
1427	2748
1427	2749
2748	1427
1828	2749
1427	1777
2749	2750
2750	1428
1428	2751
2751	1777
1843	2756
2751	2755
2755	1429
2755	2754
1777	2753
2753	2752
2753	1429
1432	2765
2765	2764
2763	2762
2762	2757
2765	1430
1430	1803
2764	1430
2758	2759
2759	1433
1433	2760
1433	1431
1429	1433
2753	1433
1433	1830
1433	1830
1431	1803
1433	1803
1433	2757
2757	1430
1430	2761
1437	1438
1436	1437
1437	1827
1436	1831
1430	2766
2766	1434
1434	2767
2767	1831
1434	2768
2768	2771
2771	1435
1435	2769
1435	2770
1123	1439
1439	692
2770	2772
2772	1440
1440	1441
2772	2773
1441	1442
2773	1443
1443	1444
1444	1442
1814	1445
1445	1446
1446	2774
2774	1784
2775	1779
2775	1801
2782	1833
1833	2778
2778	2780
2780	1450
1450	1421
1421	2661
2661	1779
1833	1363
1833	2651
1363	2781
2639	2640
2639	1394
1394	2638
2456	2638
1394	2641
2641	1395
1395	1789
2642	1396
1395	1790
1790	1396
1790	2643
2643	1396
1396	1362
1362	2693
2693	1789
1838	2694
2694	2642
1838	2695
2695	1397
1397	2696
2696	2697
2696	1847
2696	1396
1789	1398
1394	2698
2698	1399
2698	2699
2699	2700
2699	2701
2702	1400
1400	2703
2703	2704
2704	1808
1808	1824
1789	1824
2698	1401
1400	1401
2705	1402
1402	1401
1402	1403
1403	1404
1404	2706
2706	1405
1795	1406
1795	1405
1795	1826
1826	2707
2707	1408
1405	1407
1405	1408
1408	1407
1405	1826
1826	1409
1409	2707
1409	1791
1401	1792
1792	1791
2709	1776
2709	2708
2708	1401
1824	1410
1824	2710
2649	1444
1421	2664
2664	2665
2665	1804
1421	2666
1783	1448
1448	2653
2653	2660
2660	2662
2655	2663
2663	1804
1448	2783
2783	1804
2660	683
1780	2645
2645	2668
2668	1366
1366	1367
2646	1780
2665	2646
1421	2667
2667	1383
2777	2776
2648	1421
2776	2650
2650	1421
2648	1368
1368	1444
1496	1498
1835	2682
2631	2682
2682	2683
2683	2684
2684	1834
2684	2686
2686	2634
2634	2685
2728	1825
2728	1412
1412	1414
1412	2723
2712	2730
2730	2719
2707	1791
1378	2690
1378	2690
1378	2688
1378	2688
1378	2672
2672	1379
1378	1841
1378	2673
2673	1841

