1	4213039.39327	1958460.47494
2	4252311.90938	2011934.37726
3	5023548.01262	1920208.48159
4	4370735.50292	2211524.55095
5	4272943.28307	2184718.83082
6	4278556.02417	2158696.13851
7	4249027.97386	2036399.51849
8	3744496.23137	3122596.23805
9	4293487.14009	3713151.09744
10	4333624.71131	3779499.92474
11	4474379.01339	3445970.73263
12	4378998.66001	3428411.57811
13	4771374.28258	3513943.81036
14	5276701.49806	1876780.83786
15	4173562.58656	1975590.14537
16	4231752.80356	1794871.96332
17	4233714.74331	1772146.43659
18	4792615.36266	1566331.80796
19	4762426.38473	1620484.24621
20	4857284.99572	1719738.9746
21	4938797.95063	1801808.67857
22	4889906.86738	1859339.64753
23	4835231.9616	1906020.27375
24	5017911.65219	1921406.87844
25	4990154.94944	1973683.91169
26	5000535.8773	1980734.75389
27	4889553.28812	1968941.14014
28	4891911.07966	2023652.54161
29	4843297.22349	2020664.73347
30	4794515.69675	2044903.31167
31	4740032.78338	2015406.72312
32	4670028.58752	1996945.46062
33	4644387.89841	2017904.56877
34	4619922.11604	2048512.74005
35	4728268.07322	2096861.48163
36	4559691.37033	2043109.72401
37	4558032.82382	2070097.45748
38	4549886.7782	2077864.22763
39	4634200.63609	2166062.14728
40	4597212.74734	2196617.77464
41	4508387.77461	2090254.76347
42	4469602.20902	2116266.70959
43	4463225.89918	2131780.59215
44	3487702.15943	2511573.00495
45	3618561.10335	2376907.84049
46	3680918.91574	2280776.14551
47	3720422.39088	2771046.49176
48	3708982.83281	2763827.76744
49	3715431.23448	2756333.97046
50	3778965.49269	2810135.12921
51	3968222.04339	2294486.23686
52	4009386.77662	2457907.06178
53	4065104.86032	2460474.0842
54	3944036.48228	2518633.6421
55	4047854.24119	2491768.7485
56	3964353.24334	2479955.10233
57	3917611.47335	2402401.02066
58	3902721.4171	2324641.1626
59	3928222.55759	2446591.72924
60	3912695.05899	2484636.68328
61	3874920.88012	2565906.3535
62	3968616.33348	2525982.68533
63	3877983.22196	2843034.66076
64	4036872.23101	2831057.10537
65	3920987.08576	2946858.92165
66	4038857.54784	2843735.74851
67	3850325.13736	2785333.92821
68	3866343.79354	2798818.02987
69	3927753.58845	2981172.47954
70	3950945.52456	3000082.05861
71	3933371.55891	2993015.27155
72	3804788.38894	2736889.00713
73	3823299.32711	2739613.10249
74	3793396.60085	2761033.70559
75	3832945.96451	2893836.2655
76	3799653.37026	2947580.73303
77	3742910.88297	2944607.65366
78	4317862.12898	3785909.01093
79	4258905.74148	3595100.87656
80	4463387.20826	3451564.04532
81	4465771.37754	3442137.70476
82	4428333.89476	3383566.61183
83	4477017.89346	3332652.5678
84	4465214.21344	3332881.71804
85	4573936.90085	3305826.72481
86	4569214.29092	3292511.63415
87	4500997.60065	3388708.99327
88	4231705.56168	3319694.38329
89	4145744.37344	3330932.34619
90	4132526.43451	3313015.9609
91	4127033.57621	3301353.38474
92	4135660.30132	3301019.50682
93	4136695.14909	3290291.34825
94	4133718.65723	3269025.5345
95	4217850.95883	3274267.49501
96	4218339.02208	3262981.22918
97	4118637.9571	3236957.33532
98	4218221.20001	3359131.98919
99	4221010.64782	3339487.52857
100	4285457.86356	3418103.52858
101	4326174.98113	3397204.90366
102	4301057.05186	3373508.90776
103	4322661.52069	3366346.93119
104	4347061.66961	3379471.8334
105	4362033.7047	3365927.96072
106	4362181.55763	3348719.82892
107	4361361.83546	3319044.29713
108	4117723.92076	3178202.37665
109	4111829.19481	3169536.0163
110	4134845.76491	3162105.19449
111	4171588.21295	3165636.0226
112	4205087.22152	3126778.78346
113	4224915.79982	3151287.45853
114	4147500.83718	3109417.15432
115	4126775.67903	3095319.80942
116	4209052.98918	3086341.8694
117	4216682.58638	3073722.99728
118	4214110.291	3058349.77445
119	4226461.28365	3073534.70161
120	4075263.25458	3085052.45942
121	4085897.5237	3144541.78607
122	4101375.32079	3141473.64477
123	4109909.24335	3150019.27444
124	4102702.76071	3155075.43607
125	4117661.62711	3063613.09006
126	4110123.40319	3119132.74722
127	4096870.39946	3114945.67981
128	4057410.98142	3103758.03213
129	4097576.03181	3079285.50391
130	4088448.54958	3110571.25505
131	4081700.03311	3110287.40649
132	4079126.21318	3103281.63562
133	4147624.11794	3034035.377
134	4079892.00253	3038511.83886
135	4205398.91908	3005144.09882
136	4086046.63956	3155820.16749
137	4177490.04328	3266966.18623
138	4125961.92267	3158505.64344
139	4097481.02318	3097772.63058
140	4141788.44918	3028371.61977
141	4207453.32384	2554136.21534
142	4216113.26781	2527434.59626
143	4205974.8882	2517537.33887
144	4251996.78965	2528764.12114
145	4236506.34876	2506549.0189
146	4195505.08063	2556253.10754
147	4223605.86969	2504882.58798
148	4241826.16664	2470981.10129
149	4261239.2677	2456555.84911
150	3628760.97556	2640868.33993
151	3565150.80928	2676697.02456
152	3507214.59893	2554595.30393
153	3643265.58221	2575615.15695
154	3705978.55655	3026797.72815
155	3700243.41648	3027087.52797
156	3700860.20464	2762852.95878
157	3798068.87458	3031836.97269
158	3855829.30709	3087668.14814
159	3840214.83123	3105258.24922
160	3869383.59165	3119316.22374
161	3863099.52395	3134891.25815
162	3883685.12702	3127983.53371
163	3882909.13573	3120970.48243
164	3912985.02515	3129235.41764
165	3917541.48586	3139627.11913
166	3914326.03589	3114693.616
167	3929282.23594	3100228.00183
168	3913461.33607	3094667.95968
169	3912358.24662	3076077.83176
170	3922122.91765	3081538.66952
171	3914884.95873	3060032.45062
172	3939311.66626	3122103.8676
173	3943277.91842	3130012.64763
174	3927716.32402	3151846.99668
175	3890998.0557	3163891.2482
176	3923975.76439	3158365.1129
177	3979134.11937	3182054.45825
178	3965497.71062	3190635.24478
179	3953448.77399	3205930.55533
180	3922333.54065	3219916.26683
181	3953655.0688	3220627.01549
182	3977792.20262	3115732.50934
183	3982192.64821	3249045.63587
184	3970931.50849	3261495.99926
185	3960881.42075	3266108.64085
186	3976424.89005	3256514.02088
187	4022289.84452	3281094.83784
188	4025416.07401	3199296.62771
189	4028404.11794	3171569.49555
190	4013777.6808	3151595.64993
191	4031755.04029	3125816.91415
192	4024168.41653	3117422.32702
193	4001827.96472	3090507.23125
194	3991854.255	3098909.01803
195	4029318.22373	3098409.41402
196	3930320.26041	3055839.4917
197	3940358.04673	3054385.1066
198	3957353.8081	3052459.06015
199	3927155.38243	3043702.79294
200	3938794.53792	3045308.40793
201	3953745.24052	3045996.8761
202	3978911.21271	3061591.73621
203	3982591.64279	3045451.45948
204	3968212.36794	3022732.4977
205	4026651.72238	3035000.7557
206	4038226.30061	3031888.15193
207	4023124.18079	3016487.18669
208	4065061.92241	3217597.52429
209	4115557.71625	3330323.28902
210	4094969.66323	3238393.24971
211	4230045.16116	3027866.31159
212	4215212.5681	3012129.09923
213	4606307.53235	3215669.25722
214	4490817.36841	3171645.22758
215	4490145.32637	3191632.85235
216	4437489.7767	3173259.04837
217	4468925.51579	3094061.28624
218	4419884.43005	3056638.74379
219	4418526.77193	3044115.56344
220	4423225.41209	3027959.30955
221	4467789.53209	3035898.02676
222	4547634.65427	3083169.70456
223	4539567.09424	3077192.10829
224	4554833.41238	3072857.65146
225	4605975.14184	3067290.80049
226	4605222.83125	3029700.77159
227	4609810.73271	3119456.11151
228	4609073.21064	3132560.57271
229	4508265.42893	3141618.77805
230	4568172.63432	3274972.17451
231	4559157.92568	3272025.89278
232	4547881.07528	3276500.17116
233	4542974.72557	3283785.5593
234	4400495.6589	3226292.3215
235	4388636.37293	3249868.55896
236	4358274.12687	3110188.69306
237	4360313.08742	3100831.006
238	4575752.40564	3275984.35904
239	4483744.13428	3149528.10879
240	4627439.54849	3047234.74508
241	4553603.18879	3055913.4327
242	4586604.13243	3065008.35499
243	4325893.30313	3234410.40346
244	4286932.68968	3206401.71926
245	4285502.33733	3167665.20596
246	4295406.59089	3125737.89722
247	4250207.83863	3256787.86615
248	4238629.43286	3226964.40876
249	4252736.20126	3189875.73453
250	4242113.09015	3154407.03262
251	4248183.22087	3142441.51702
252	4266250.79244	3113469.77003
253	4254897.95	3117353.29561
254	4299576.34392	3090728.53745
255	4305400.74001	3057593.40214
256	4253656.86878	3020520.1156
257	4456313.7658	2140169.9257
258	4444155.57628	2146087.8753
259	4384712.13975	2215927.30921
260	4377027.2903	2213478.46417
261	4417482.53134	2250074.16878
262	4427166.91927	2254510.40592
263	4395542.19329	2309900.59365
264	4361189.80765	2272687.41127
265	4359586.98337	2249776.25845
266	4550051.80016	2315587.15302
267	4511712.60668	2331398.11419
268	4476677.93508	2346817.51946
269	4485857.75612	2370638.40951
270	4497491.56758	2377402.95158
271	4491514.04722	2351507.40149
272	4508342.93585	2426335.18656
273	4494645.25575	2442356.92577
274	4487593.35249	2440008.73377
275	4440897.24168	2410288.93977
276	4433690.5717	2385142.23934
277	4406053.37869	2381825.96836
278	4401767.57524	2356052.87861
279	4385036.27763	2380848.67745
280	4374779.35243	2380747.25729
281	4386455.37021	2392292.73813
282	4407418.73227	2431141.51469
283	4421165.37422	2430644.32509
284	4308035.96696	2439363.8479
285	4318689.20422	2396486.90344
286	4316345.77161	2340246.22302
287	4477802.77208	2470456.60856
288	4493767.35495	2493710.84317
289	4295880.80878	2435951.66066
290	4287573.72217	2444279.53228
291	4282141.72178	2438788.76702
292	4304830.11168	2475976.55197
293	4318004.36172	2464903.93403
294	4330174.5539	2501520.61583
295	4286450.51632	2505760.27075
296	4308792.33927	2504289.75829
297	4354980.90997	2498849.01593
298	4323853.00052	2507731.60978
299	4306879.25316	2517419.99322
300	4265261.88486	2525961.45782
301	4296893.17257	2443543.88038
302	4439954.77494	2506183.94732
303	4273291.91236	2500327.1108
304	4124339.65706	2373765.42227
305	4101031.23286	2343625.70173
306	4110039.95632	2418974.66232
307	4082782.27296	2450985.05431
308	4231961.04444	2431014.04624
309	4181848.24863	2467757.24849
310	3515278.89828	2953705.68966
311	3492031.1285	2990856.37329
312	3492887.57084	3003907.55091
313	3475006.93512	2998971.27855
314	3470566.09362	2792956.57446
315	3588618.93402	2728815.58305
316	3636841.36834	2756020.25093
317	3647421.74342	2753528.56971
318	3671201.58672	2760798.21003
319	3653505.91008	2733143.96911
320	3680893.12101	2919824.68758
321	3684337.83589	2998063.79747
322	3662395.7052	3013894.74907
323	3622367.55483	2981483.87509
324	4326729.83256	2984872.30573
325	4288787.04643	2912882.76559
326	4218367.57522	2917406.15602
327	4218569.85999	2907102.71085
328	4271329.01653	2909382.50129
329	4279293.21839	2862074.13885
330	4285950.63452	2840227.427
331	4190949.21262	2776261.83713
332	4202944.95934	2881375.55806
333	4261116.35355	2844683.43008
334	4198873.83899	2948110.10628
335	4211563.17826	2952680.79026
336	4207732.4453	2938825.01977
337	4213645.60159	2978086.65242
338	4206016.73922	2987337.30074
339	4258748.51996	2883469.05704
340	4190966.0748	2759306.25849
341	4206263.19092	2770471.13472
342	4111930.09171	2803538.00252
343	4203441.4884	2906732.7846
344	4201458.02074	2897688.98987
345	4209322.98107	2946593.03993
346	4121996.44893	2933689.33087
347	4098791.52986	2931425.02017
348	4148506.19512	2724207.35524
349	4134900.17414	2712382.79493
350	4124110.52943	2712298.45981
351	4129966.84269	2703010.6375
352	4124447.54529	2704110.34353
353	4116432.52756	2704398.03416
354	4098449.77722	2702359.90534
355	4099314.48511	2684609.0685
356	4143519.87402	2712101.90182
357	4137911.91815	2700474.70053
358	4147125.39894	2698817.82878
359	4162720.3511	2715610.25563
360	4172600.98373	2656315.42947
361	4153890.79697	2676361.96447
362	4197592.37479	2676140.3385
363	4160286.96803	2683439.52356
364	4265889.0736	2689125.03156
365	4267860.62581	2701815.04912
366	4266426.05186	2680496.37814
367	4149817.66918	2738111.42059
368	4123295.79438	2694454.12921
369	4136301.65035	2726568.07155
370	4227541.22212	2669304.15194
371	4079702.08702	2663221.68103
372	4011644.57565	2572186.5339
373	4050875.8819	2615865.09318
374	4062981.85858	2638508.17757
375	4096299.48689	2607903.3881
376	4212225.58199	2629190.37931
377	4212621.21576	2636661.16582
378	4206520.6682	2627058.66628
379	4198604.84679	2617874.748
380	4221061.00987	2618931.97316
381	4230210.21542	2627004.68179
382	4213198.04084	2611971.16379
383	4240537.9566	2629091.47854
384	4253456.19901	2633410.30382
385	4266320.38749	2634019.13812
386	4255107.78811	2643112.1854
387	4278005.68504	2614478.03727
388	5139319.47988	2262695.76217
389	5302723.85606	2198429.61338
390	5690544.72658	2235450.84697
391	5715435.01402	2410252.41501
392	5578236.81636	2356230.91098
393	5737789.16585	2326957.1758
394	4985319.16862	2338324.46115
395	5003366.99363	2326608.96963
396	5012321.7423	2250530.4489
397	4577621.41687	2539013.84184
398	4568346.47416	2538003.62922
399	4580702.64449	2526439.4661
400	4553387.46079	2552513.93035
401	4731005.51653	2788800.35187
402	4732826.2862	2774969.37319
403	4508318.99998	2705837.64367
404	4361354.34834	2674400.59481
405	4343348.14179	2735424.55413
406	4475117.69987	2762348.1997
407	4289512.95991	2684630.96785
408	4295736.47816	2693071.6066
409	4295047.1282	2722729.75133
410	4287720.83381	2731242.37048
411	4271676.89809	2768287.48663
412	4307907.96556	2791086.90754
413	4342489.08316	2635574.31677
414	4301582.35047	2716650.95292
415	4291315.91617	2714275.10572
416	4335134.19687	2579899.48106
417	4296612.02913	2605943.4461
418	4311689.0826	2623440.98043
419	4325030.95636	2617990.74997
420	4229806.1336	2793645.31556
421	4223064.57939	2824644.75204
422	4324503.55341	2795916.05879
423	4288184.03742	2810543.82346
424	4355918.46228	2817821.9635
425	4334151.59747	2821359.78131
426	4384705.76536	2837459.5943
427	4383664.73377	2822914.52391
428	4386185.73524	2813860.91162
429	4397853.68612	2815829.0578
430	4353024.89725	2830519.71528
431	4336522.47856	2837714.27925
432	4417366.36948	2806450.02856
433	4426003.10757	2798131.10079
434	4411836.86853	2773657.90235
435	4454002.44901	2811457.67569
436	4462267.56833	2803791.58927
437	4450540.35839	2804106.34401
438	4443010.58897	2797272.6494
439	4260855.06972	2820463.88945
440	4458350.50411	2831553.74909
441	4436066.48835	2858897.68458
442	4494102.86401	2845901.99501
443	4398684.93451	2954544.07633
444	4398097.51506	2995128.47995
445	4380977.65089	2991269.1777
446	4344677.84917	2990980.45186
447	4331018.62213	2989725.53497
448	4323208.67343	2993957.18758
449	4322424.2018	3010920.31795
450	4324406.17074	2950946.73298
451	4277221.25862	2951732.37064
452	4944263.8611	3189976.18409
453	4940331.26869	3166421.73616
454	4954027.18683	3166298.18086
455	4902100.24768	3152179.42595
456	4939063.54488	3148663.99037
457	4840275.67807	3162425.41923
458	4854694.48318	3201482.86948
459	4766722.72603	3160250.68431
460	4638980.6204	3235080.24587
461	4625343.50751	3233624.26676
462	4624497.22511	3198588.31609
463	4627762.63501	3187929.88015
464	4629946.70137	3170572.25781
465	4620532.99977	3164577.05647
466	4664772.95606	3139031.26779
467	4654451.19037	3152220.78278
468	4841289.54704	3537013.26837
469	4884564.14562	3493521.22988
470	5009541.01224	3370162.96283
471	5011856.78965	3354049.52896
472	5020535.43043	3298652.07052
473	4858283.59651	3361866.13145
474	4634538.00563	3150950.75275
475	4621764.04217	3130879.51961
476	5064611.65676	3327332.22343
477	5055372.25366	3328756.62935
478	5061032.21241	3336689.75061
479	5192960.69423	3402064.46046
480	5124430.19399	3214963.24696
481	5196517.9243	3188758.3459
482	5128125.66937	3172353.30019
483	4970633.92946	3096395.40194
484	4923276.01731	3071202.16053
485	4933780.89292	3070945.38739
486	4917780.53464	3039948.88536
487	4957317.60818	3108185.64196
488	4464081.16742	2955152.93002
489	4459317.66092	2877208.92198
490	4532716.85884	2971541.73371
491	4561659.72161	2968331.30638
492	4565342.23988	2950695.63817
493	4610368.81898	2901755.84662
494	4631676.49507	2903691.66865
495	4639541.45377	2918999.42921
496	4637174.70062	2875807.83983
497	4662647.42685	2898894.23108
498	4775625.04383	2890182.63144
499	4733837.55018	2931408.72485
500	4736870.44095	2948744.18298
501	4785899.85349	2941654.50011
502	4758693.77734	2899930.09469
503	4765755.52077	2872997.04177
504	4626141.93756	2975374.38044
505	4609983.05123	2981144.29301
506	4616416.50772	2994863.15863
507	4629679.65686	2988944.16736
508	4735032.06135	3040067.0595
509	4805760.78179	2995544.96009
510	4829465.50998	3029079.5761
511	4867406.79739	3009059.84843
512	4866257.32362	2939613.13968
513	4825527.82388	2890918.30919
514	4869450.35098	2927270.77434
515	4803968.44897	2983467.38635
516	4706652.80813	3011866.7059
517	4702527.57733	3055422.06194
518	4641430.52973	3063171.18664
519	4650216.78419	3043665.68678
520	4938860.48491	2981913.77586
521	4925923.38257	3002061.82954
522	4931654.11209	3010940.72182
523	4896263.86509	2880887.30586
524	4962294.03096	2943626.51421
525	5002537.82051	2922568.89611
526	5176875.49049	3015669.15058
527	5203603.1417	2903578.5769
528	5126097.26929	2893356.79403
529	5035683.30149	2924926.27421
530	4963699.60603	2853649.61453
531	5158940.62642	3055346.88224
532	5133839.01184	3052009.93769
533	5118261.9926	3056235.23368
534	5120009.93239	3067140.65588
535	5115779.91093	3035917.72649
536	5098475.66584	3037285.14888
537	5058887.31778	2855214.42987
538	4954108.17245	2822139.6389
539	4954669.563	2855887.12921
540	4940252.50854	2843653.00901
541	4934599.51688	2827167.42019
542	4946270.71874	2825195.04918
543	4930585.91625	2815497.05167
544	4882126.75897	2854475.6045
545	4890255.09616	2843453.3373
546	4893839.72465	2777890.7323
547	4842124.30805	2824123.9415
548	4854551.97266	2799632.16899
549	5135099.88483	2831652.70155
550	5107430.8021	2845482.96317
551	5012634.61234	2773060.42794
552	5058099.40136	2714124.131
553	5230094.64488	2723001.78619
554	4932798.97181	2686446.21585
555	4812615.75721	2702257.57754
556	4781735.32983	2707517.75683
557	5180561.80562	2665352.75452
558	4994987.73282	2639602.73661
559	4864491.85627	2645877.16924
560	4827576.77156	2606563.63383
561	4952772.47343	2584689.33299
562	5113579.17295	2631451.40834
563	4923261.55663	2612760.51271
564	5078246.65885	2597601.70812
565	5056241.17346	2581401.39875
566	4756038.13684	2602991.90109
567	4748152.84855	2577469.10189
568	4743648.6249	2541313.75675
569	4766990.82191	2520484.75756
570	4993997.32976	2502572.18043
571	5014348.54838	2439275.56411
572	4738572.2742	2643752.26665
573	4656684.0038	2573427.53921
574	4650071.51202	2523462.38638
575	4882989.35606	2420313.82712
576	4771318.37947	2358238.91528
577	4809453.94127	2509005.77904
578	5134075.1211	2452570.98088
579	5563425.78835	2668935.72764
580	5422764.05787	2535394.96897
581	5485449.49007	2495902.83271
582	5417284.2762	2495055.54417
583	5401633.37087	2500389.6144
584	5312728.16512	2466690.49807
585	5510355.54311	2463623.14489
586	5208216.38084	2479354.33493
587	5299772.65343	2411680.89235
588	5387541.22303	2753675.41004
589	5386374.07636	2739632.45338
590	5323724.24514	2577850.2992
591	5196031.72637	2385178.51216
592	5373312.76141	2522719.78191
593	5603980.61169	2798649.6148
594	5617264.12271	2750153.83102
595	5665656.47242	2663181.36587
596	5713489.43419	2668728.87242
597	5746185.66836	2637602.84767
598	5727421.85565	2570281.1594
599	5756935.78765	2538944.2258
600	5778390.75464	2527760.50579
601	5795352.35561	2522860.11058
602	5692549.80289	2503050.31146
603	5592522.62167	2495502.00996
604	5566677.00081	2644650.74573
605	5800576.08604	2637471.22061
606	5646316.02036	2602279.65372
607	5594246.19116	2574517.92187
608	5557870.37155	1742381.91688
609	5538926.66922	1753683.16988
610	5552576.63586	1764423.0081
611	5547083.63706	1787666.51751
612	5527621.80024	1794772.4327
613	5522386.71315	1766694.30689
614	5477175.01347	1812848.11156
615	5434729.63968	1797329.93956
616	5330362.27809	1810838.42282
617	5283130.91706	1872052.141
618	5356198.25095	1905392.26944
619	5392188.39648	1916990.81422
620	5320729.092	1990811.60859
621	5342783.59415	2016878.70361
622	5098230.29458	2197314.50674
623	5417613.99551	2047079.93129
624	5437559.25407	2056069.83682
625	5321683.32076	2027350.68013
626	5290736.24085	2044980.91226
627	5286677.83699	2067894.49888
628	5519860.14479	2104273.24163
629	5334898.05231	2135250.48321
630	5335517.32433	2166628.97875
631	5358548.90421	2216602.42943
632	5294256.46489	2181934.37819
633	5410505.64005	2204162.41656
634	5607789.72792	2130435.9606
635	5387527.41965	2253149.27717
636	5386721.47018	2286036.14069
637	5471923.68274	2234065.89218
638	5471915.38812	2222343.0508
639	5415102.48213	2289040.4331
640	5482360.41842	2290560.33377
641	5224015.70919	2214442.04537
642	2980547.28147	2305803.63659
643	2951533.80296	2324477.81862
644	3046590.94225	2298711.68304
645	2976365.08005	2322519.23483
646	2978503.29505	2322052.64781
647	3294228.49109	2330845.39779
648	3243271.78047	2324195.45586
649	3332846.91585	2320015.0374
650	3347802.87365	2310366.40871
651	3466950.04699	2076387.35046
652	3640338.31867	2079339.1894
653	3646026.94846	2080582.45571
654	3641850.62401	2117598.83623
655	3632848.97423	2084047.18847
656	3453902.93916	1940582.43613
657	3352427.90711	1682991.67834
658	2955997.15913	2012465.56254
659	3390576.10464	1883591.43964
660	2911606.38154	2445722.33302
661	3387800.09522	2164097.29246
662	3686024.64483	2124764.93911
663	3654784.25572	2068346.48472
664	3194507.43892	2026007.32441
665	3212811.1359	2032149.84736
666	2827337.15085	2014510.98468
667	2973822.12431	2344364.68376
668	3120580.1323	2320593.44355
669	3363381.50465	1746859.69012
670	3348885.02144	1684804.90114
671	3005038.30785	2388292.19959
672	3285375.41292	2347701.60893
673	3046086.07819	2295636.05139
674	3237824.53291	2284727.40082
675	3275455.80074	2128820.7396
676	3640886.50339	2112667.72863
677	3464399.75271	1931199.15461
678	3366675.85205	1862874.91688
679	3291195.67623	1853405.35578
680	3015263.78906	1931163.2177
681	2728083.85819	2088806.28279
682	2762399.73361	2004995.10548
683	3129531.41195	2083816.01948
684	3309221.72139	1818204.51234
685	3315936.07423	1717138.39579
686	3353167.51414	1680165.77683
687	3038573.33568	1714486.91552
688	2908910.71174	1665850.4833
689	2914382.29245	1668922.05162
690	2911225.03726	1586988.59361
691	2819363.19926	1733082.51666
692	2862499.98373	1856306.45153
693	2790469.53735	1854737.16749
694	2676777.58158	1918329.56073
695	2693555.03741	1977594.8906
696	3223540.26185	2054593.50875
697	3192823.11061	2029508.52864
698	3200671.97749	2308023.86112
699	3637347.90877	2054930.56498
700	3417713.88582	1876475.96205
701	4250339.40917	1811674.11892
702	4206957.75085	1953590.54503
703	4786891.75851	1681765.95413
704	4737613.42655	1565644.06331
705	4866453.49402	1771624.15156
706	4987516.51349	1985325.85305
707	4977563.25448	1981815.48372
708	4935316.1086	1964229.95307
709	4702447.41375	1994524.39351
710	4741031.17583	1962746.05552
711	4670228.62906	2028766.64446
712	4673546.47951	1984796.81411
713	4652193.89199	2152737.09209
714	4593090.92095	2159845.81577
715	4010368.97389	2999926.60066
716	3783577.3171	2441884.16946
717	3491996.02494	2439161.75531
718	3461022.60282	2381267.91924
719	3403753.3392	2326573.69326
720	3465307.09489	2306333.03245
721	3555965.61353	2267183.05582
722	3664675.7492	2304063.19362
723	3638167.34508	2330531.41501
724	3610863.25802	2364523.29305
725	3738695.28826	2267881.97301
726	3829431.52377	2305720.50788
727	3903228.36774	2339934.91306
728	3742567.32476	2494614.34489
729	3772265.97845	2695243.2165
730	3838134.92084	2601682.87375
731	3835852.22017	2552865.09842
732	3847911.41687	2681128.11956
733	3741537.74188	2813414.30372
734	3737095.67783	2785071.74968
735	3763172.97316	2874425.60631
736	3787923.9187	2777082.46692
737	4078820.12935	2301663.69963
738	4028631.87121	2266044.90641
739	3990904.64998	2250629.36421
740	3974818.52408	2303045.22094
741	3976984.95953	2293456.77672
742	3935123.02747	2279673.21595
743	3978769.59851	2458033.43041
744	4053193.43096	2461005.84925
745	4042666.60755	2516222.21006
746	4011566.92339	2493582.19901
747	3929592.99033	2518536.97003
748	4004784.33857	2484471.20912
749	3970871.15123	2483246.92226
750	3999724.35102	2563730.51877
751	3896624.366	2324105.32452
752	3904644.54203	2378844.62667
753	3929790.86455	2400697.92125
754	3918672.07386	2445900.42191
755	3913777.72358	2496148.34771
756	3908208.01729	2538892.75425
757	3935105.05901	2539708.34848
758	3957896.5309	2540012.63159
759	3957130.64142	2532485.74817
760	3923999.24159	2560522.40572
761	3915964.45792	2588637.87995
762	3934663.86781	2708733.37763
763	3897121.00973	2823982.05599
764	3863839.23596	2773406.13247
765	3958462.01386	2870066.38028
766	3907396.1973	2918233.30878
767	4037906.87853	2868680.11734
768	3855307.6503	2844933.86113
769	4051254.60827	2814182.01007
770	3921489.77603	2656471.71753
771	3919499.34452	2632591.21796
772	3931517.00028	2623922.40443
773	4010343.55707	2957536.8942
774	4019257.74348	2934986.45407
775	4048784.75858	2906473.89581
776	3952464.11708	3008308.94127
777	3929831.38804	2987883.40535
778	3818847.34214	2978155.4658
779	3807320.95863	2833361.59557
780	4193898.61614	2707775.07746
781	4206238.15363	2687532.11851
782	4212353.31691	2683779.04104
783	4197349.97512	2696195.53149
784	4187471.25465	2696422.49018
785	4171830.87425	2696817.50541
786	4164570.28115	2702465.33716
787	4159072.61824	2697172.12957
788	4145289.68248	2690928.49008
789	4138641.16821	2689323.46618
790	4132596.75953	2681047.28252
791	4120901.00326	2689324.00074
792	4117698.31015	2680355.28074
793	4089639.84206	2752926.15341
794	4100677.15295	2742782.59774
795	4107414.00592	2747970.6642
796	4120895.98062	2748073.15188
797	4098218.68576	2763480.02155
798	4045668.99588	2797376.17552
799	4052571.9916	2806127.85129
800	4054707.79219	2799961.17931
801	4062068.04672	2783847.42082
802	4071709.416	2799766.42365
803	4080546.63168	2816948.88992
804	4086917.05808	2795459.53481
805	4095905.67645	2787205.69624
806	4158781.99639	2974715.52647
807	4151570.58478	2932212.26475
808	4127837.47625	2923018.38678
809	4299079.87784	3645624.43381
810	4308694.72242	3636480.57229
811	4314162.05246	3657897.8711
812	4333996.88564	3655232.20309
813	4330672.53646	3663259.38174
814	4332451.11919	3671299.05723
815	4334228.56335	3677731.61901
816	4324061.87286	3677177.89646
817	4323467.61874	3670213.61161
818	4323771.33014	3663249.79673
819	4323774.7394	3657893.51707
820	4230071.95072	3744003.69036
821	4236619.6989	3762086.7449
822	4254364.26955	3771421.45057
823	4265523.3431	3774479.04755
824	4277812.38126	3775411.00874
825	4288651.25268	3778530.73788
826	4283808.58229	3759286.96273
827	4277913.59955	3756663.30562
828	4300458.73118	3744180.67944
829	4311149.5155	3782705.36012
830	4309089.0658	3776284.15661
831	4313498.59575	3791270.47311
832	4319620.23356	3812149.56788
833	4323687.28572	3794477.32646
834	4347996.89955	3814376.33475
835	4344356.2533	3792398.18964
836	4335109.64408	3772005.68847
837	4328376.65419	3775202.847
838	4324585.1398	3765557.80361
839	4316671.65368	3762344.64047
840	4318728.43894	3769840.89063
841	3858654.8533	2838076.56334
842	3861525.09293	2853041.60872
843	3822309.70086	2872716.09697
844	3827876.98465	2880550.43051
845	3805531.49082	2887557.48853
846	3811674.66945	2952800.40336
847	3808122.0938	2942332.90685
848	3795583.03319	2938643.39241
849	3809569.99147	2981013.32163
850	3790143.69426	2958355.49878
851	3785343.25441	2964738.36227
852	3780114.35115	2934787.44613
853	3787988.04699	2916789.81844
854	3770048.75459	2914677.98925
855	3766655.48542	2906670.54102
856	3750168.27999	2903485.07022
857	3772317.45646	2898713.10438
858	3777935.40755	2896666.03655
859	3774356.63342	2886707.46904
860	3778722.60206	2878401.15924
861	3770369.18443	2879249.10023
862	3764633.69875	2886721.0447
863	3748933.54248	2885419.1411
864	3740771.66021	2881866.92721
865	3775840.75707	2859033.15533
866	3770860.39854	2867893.01488
867	3785529.91248	2864944.19598
868	3794821.63339	2849784.54513
869	3783639.43633	2842038.37588
870	3758312.36339	2953774.45944
871	3716718.89865	2917002.29223
872	3711256.46366	2896946.66964
873	3709962.83208	2888234.03964
874	3720385.27503	2888534.36924
875	3810151.92477	2993734.51671
876	3805324.50479	2989782.56534
877	3778827.34266	2985564.33012
878	5116324.87696	3471703.47007
879	5092525.28388	3378433.51823
880	5068314.9568	3300307.89252
881	5063317.41148	3279036.75897
882	5087698.70531	3281364.39045
883	5076887.42772	3278274.73255
884	5181264.82006	3308960.87586
885	5015722.80382	3305983.58296
886	5154970.9004	3214303.43529
887	5115754.29224	3202953.64034
888	5208291.34575	3190115.34511
889	5253650.85315	3178424.62117
890	5279425.88089	3205359.927
891	5263237.37552	3165264.34892
892	5329800.10426	3137478.10142
893	5182911.48504	3126808.83047
894	5077232.78019	3135488.47255
895	5084404.32561	3111116.00145
896	5145530.59496	3107873.60525
897	4770031.61324	3108476.55774
898	4715318.59354	3111409.8646
899	4754249.81567	3089255.57989
900	4741161.6191	3070314.98158
901	4814298.92595	3093177.96229
902	4893890.78599	3091742.43872
903	4898699.41064	3082575.92364
904	4895762.16804	3074783.92401
905	4888386.44991	3081429.18084
906	4909872.39739	3071895.787
907	4960413.27709	3086886.9824
908	4956050.68863	3075881.31737
909	4967388.16277	3072803.70412
910	4983147.71053	3106225.90991
911	5012366.98642	3071902.5506
912	4994327.71444	3074754.22423
913	4978569.96901	3082445.46907
914	4999334.59767	3058197.89695
915	5016074.94896	3040206.65496
916	4991972.94455	3033298.99189
917	4997452.34993	3024282.0061
918	5001424.91834	3012079.53176
919	4981692.74887	3042453.00205
920	4974517.80227	3042293.76824
921	4978649.57381	3036084.38283
922	4984034.57133	3035273.01504
923	4973339.25856	3032424.95255
924	4977564.84848	3025478.55379
925	4951640.05565	3017049.60277
926	4961663.37967	3013785.10858
927	4962492.1765	3022855.16315
928	4945598.14376	3019311.76229
929	3478597.7991	2507295.31525
930	3526221.50415	2478243.6017
931	3604002.75446	2476327.0805
932	3620284.51134	2480352.11207
933	3610653.41183	2460083.26312
934	3505716.59438	2468609.08001
935	3492334.26819	2469201.68522
936	3503587.95954	2459452.34051
937	3488212.19309	2459039.5264
938	3465741.86487	2445073.54209
939	3561339.89394	2421226.54239
940	3519844.70659	2480833.14201
941	3489972.76054	2358258.51488
942	3399007.84476	2337197.2485
943	3398691.23116	2345851.5206
944	3467826.85605	2260907.21007
945	3468530.75551	2251828.69776
946	3547455.70597	2258807.84542
947	3512216.84228	2276206.42407
948	3576409.72353	2313652.25315
949	3604354.45709	2299175.93156
950	3635077.14131	2318466.14108
951	3647828.90181	2313151.1052
952	3629973.2743	2308524.89764
953	3627373.76462	2299406.32857
954	3649306.90947	2304127.68366
955	3653365.65086	2292604.73201
956	3646583.56508	2258482.4317
957	3631402.89505	2230291.39178
958	3637935.74489	2222365.42174
959	3622216.78683	2220816.24602
960	3634595.33294	2213884.46137
961	3651387.56922	2209818.75934
962	3646678.18934	2199822.96777
963	3645107.47603	2348350.27712
964	3595426.87106	2388003.47052
965	3713815.98926	2298959.27816
966	3714439.2681	2266828.8241
967	3758520.4347	2260937.3992
968	3783141.38917	2279143.80071
969	3765286.41412	2301745.55896
970	3764360.75788	2351016.47809
971	3709516.04652	2350836.91308
972	3712276.41955	2337831.15401
973	3620444.8272	2416939.74249
974	3870721.29487	2356189.29898
975	3836481.5407	2338719.74447
976	3807065.40158	2305664.25271
977	3840228.8704	2305330.78177
978	3838471.88501	2295881.93784
979	3804729.77587	2285238.00457
980	3808106.63828	2279195.91019
981	4087045.41639	2906461.4668
982	4098756.19051	2894140.96528
983	4086370.93894	2883754.68532
984	4086059.94552	2972449.4102
985	4081477.73046	2942180.50609
986	4082198.47433	2931687.80109
987	4078995.44852	2926375.11988
988	4086262.61628	2936509.9255
989	4076973.64085	2934199.11259
990	4071577.20915	2730759.94841
991	4071913.37552	2738470.62166
992	4066345.3892	2723726.36406
993	4057135.74887	2730973.05527
994	4037977.19386	2672371.9331
995	4140426.15279	2696495.55585
996	4117257.37411	2674836.12546
997	4085242.74921	2673468.07806
998	4180536.70512	2702452.56576
999	4175982.17433	2713418.89432
1000	4177381.86758	2718621.12269
1001	4033371.39824	2585278.48211
1002	4057163.9241	2606212.68702
1003	4100734.3206	2595009.31573
1004	5241080.22743	2335798.57754
1005	5298069.69291	2279013.12327
1006	5177117.98384	2344788.56382
1007	5154754.25992	2367597.32747
1008	5130376.58045	2364921.33155
1009	5123484.21786	2333269.556
1010	5111214.07678	2320042.94777
1011	5080614.2728	2355653.75484
1012	5079247.0975	2367075.91455
1013	4801850.59908	2307155.72621
1014	4863637.90749	2284267.71144
1015	4922613.41654	2380109.8763
1016	4910144.51784	2368750.7386
1017	4975909.93087	2343073.92525
1018	4977170.84101	2361288.14658
1019	4978576.33371	2352765.52576
1020	4965053.18951	2357078.16238
1021	4957967.35842	2318016.55028
1022	4949905.86917	2325117.32332
1023	4957398.23042	2307842.18693
1024	4950099.7931	2307076.94668
1025	4958787.72981	2288483.19148
1026	4974213.50624	2261229.43094
1027	4958702.56297	2262473.17205
1028	4949692.92542	2251427.53101
1029	4983077.32737	2226068.93981
1030	4866368.11077	2301821.81587
1031	5015106.1061	2195653.4247
1032	5020561.19609	2204941.18402
1033	5033731.15185	2202116.98956
1034	5058598.986	2195649.29676
1035	4554361.02267	2581608.80467
1036	5120265.62025	2622183.9156
1037	5084261.4614	2523926.89006
1038	5149378.35806	2528967.65754
1039	5089256.50995	2416485.05153
1040	5109702.98268	2387852.21802
1041	5136722.10845	2410310.57265
1042	4969364.62296	2484926.40235
1043	4955271.39145	2444327.28934
1044	4976273.88487	2445850.49914
1045	4985825.64283	2403175.95251
1046	4835473.72012	2494200.98169
1047	4843495.18007	2431785.35565
1048	4783910.2004	2426030.19124
1049	4792317.0615	2518593.83728
1050	4722048.53755	2437838.98273
1051	4667030.39011	2555954.52376
1052	4640432.18895	2520006.51995
1053	4621265.78183	2510237.41737
1054	4677022.23623	2482473.50043
1055	4644114.89133	2457823.38235
1056	4684213.43293	2472417.35483
1057	4710241.5597	2426256.74618
1058	3767276.96838	2851548.09871
1059	3793417.79122	2879398.25808
1060	3793763.18245	2893121.67315
1061	3727203.08131	2903523.5782
1062	3724588.2663	2912180.46821
1063	3779431.77126	2911752.57166
1064	3765637.97141	2937755.24123
1065	3753251.2841	2914469.9664
1066	4376964.55899	2767745.18049
1067	4381080.48095	2801087.07574
1068	4319587.67523	2533317.15322
1069	4341071.50059	2562377.8849
1070	4312042.29203	2581098.21545
1071	4424742.65609	2865331.55451
1072	4378882.24622	2931876.5845
1073	4406579.03583	2977082.14881
1074	4522539.19283	2847490.2714
1075	4329268.46495	2855864.1139
1076	4272291.5916	2883935.42927
1077	4254488.68566	2860505.65424
1078	4265653.80575	2857352.51729
1079	4242894.27203	2860660.65514
1080	4265867.56992	2838577.61601
1081	4193839.81089	2884006.26625
1082	4301427.6661	2903737.29392
1083	4294307.77634	2908007.72098
1084	4281645.25732	2911113.62413
1085	4250589.95327	2899318.07238
1086	4197305.8308	2931180.85531
1087	4216064.44808	2961678.53013
1088	4237303.1525	2989169.44645
1089	4250414.36277	3005942.11866
1090	4261821.94875	2981566.94728
1091	4209656.34865	2777668.11957
1092	4150050.10433	2780407.94661
1093	4119286.68182	2760246.63704
1094	4115140.04909	2931297.91994
1095	4255333.45803	2689768.71102
1096	4204046.21415	2701500.12319
1097	4236991.66328	2675488.91835
1098	4216957.71072	2664324.64774
1099	4176917.80318	2669443.60043
1100	4153715.50686	2711256.63041
1101	4124780.7013	2669809.69107
1102	4093005.32845	2661922.77164
1103	4137420.80255	2583429.07208
1104	4122013.92966	2574865.16065
1105	4111360.72954	2571007.95628
1106	4104761.98623	2586385.22629
1107	4261636.62306	2620113.93904
1108	4181048.30856	2686288.4097
1109	4200828.26255	2685225.2365
1110	3139317.03272	2052877.00971
1111	3124890.98273	2085222.59262
1112	3058847.97602	2378512.58177
1113	3330727.37021	2317954.43267
1114	2888909.39341	2432552.25128
1115	3656686.42122	2086235.14052
1116	2800120.57884	2246685.07923
1117	2796471.42155	2218331.05387
1118	2793845.61165	2005664.0435
1119	2739137.43855	1855270.81886
1120	2672030.76607	1855680.66137
1121	2677773.96175	1861983.4711
1122	2677721.61487	1924218.86514
1123	2906547.97992	1908284.54246
1124	2924749.03257	2453392.97696
1125	3047277.73243	2331110.81923
1126	3120561.11249	2227408.96701
1127	3346879.16832	2316600.05137
1128	3458534.34056	2069561.5338
1129	3526292.53977	2169266.55229
1130	3581357.08607	2198123.46496
1131	3447714.87493	2048709.21891
1132	3373393.3622	1862278.66501
1133	3377383.02535	1863741.99558
1134	2907616.57627	1841051.73229
1135	2924591.59625	2143415.22888
1136	2916171.54547	2144944.51914
1137	2993020.54712	2013850.65299
1138	2914816.71683	2440672.25831
1139	2958468.66742	2391620.5249
1140	2983221.61071	2391901.99457
1141	2999452.28687	2394962.87807
1142	3039387.42151	2385456.45952
1143	3259600.26243	2341853.0105
1144	3252159.37758	2335109.18398
1145	3359288.89355	2197511.68974
1146	3381676.10113	2130590.11201
1147	3337679.57165	2101910.98785
1148	3284821.60316	2093045.00263
1149	3439892.40032	2111083.09405
1150	3482889.74438	2100048.35586
1151	3579584.3577	2156641.56256
1152	3730041.48451	2155766.80616
1153	3732795.2199	2203738.58172
1154	3405190.09662	2037677.87059
1155	3455729.43884	2005994.30544
1156	2820683.10037	2266382.47782
1157	4199078.33954	1876308.49822
1158	4209024.47157	1876840.64926
1159	4238688.27041	1911904.67826
1160	4250214.83641	1911059.33579
1161	4227695.76599	1911344.02415
1162	4252810.26823	1895407.91528
1163	4232031.34039	1817572.95988
1164	4187630.79854	1794194.2365
1165	3821853.06221	2289078.07867
1166	3856615.53099	2309801.4684
1167	3876824.13412	2314511.00817
1168	3878046.46038	2322088.31177
1169	3903867.21029	2317849.34323
1170	3877419.99677	2387333.36324
1171	3863206.92122	2395605.46903
1172	3889112.16129	2397022.12782
1173	3879550.15294	2412591.91511
1174	3850145.2219	2454690.73648
1175	3809016.07027	2481190.69255
1176	3805670.74228	2457466.66838
1177	3819785.33857	2433677.0802
1178	3868302.19483	2460459.42649
1179	3886862.799	2467691.52782
1180	3905350.12108	2484577.58248
1181	3901760.47157	2491550.88547
1182	3895732.36306	2487669.02172
1183	3907411.12633	2494984.44234
1184	3729474.18953	2414169.22729
1185	3722518.88245	2420639.67689
1186	3755522.58128	2393843.30597
1187	3755703.91147	2411124.18044
1188	3764460.29496	2397323.1018
1189	3760278.69755	2427507.72732
1190	3772187.89821	2434075.76308
1191	3679804.27906	2493005.31902
1192	3675879.41764	2458767.64659
1193	3716353.58806	2463114.96202
1194	3725157.37169	2483379.17109
1195	3770483.86049	2514024.04316
1196	3527115.97158	2831092.35913
1197	3596858.28768	2885212.36179
1198	3599250.85495	2903394.31872
1199	3648566.49171	2892206.36581
1200	3637639.69019	2841721.62661
1201	3629405.29295	2845746.16561
1202	3605573.17868	2851824.15491
1203	3618575.85795	2813151.27893
1204	3611949.51436	2817586.72633
1205	3632624.17641	2820301.18501
1206	3652861.94799	2802891.0866
1207	3603556.16755	2804967.88005
1208	3622379.38145	2951640.11235
1209	3710198.74915	2877701.72686
1210	3666775.49821	2922729.76914
1211	4545837.53299	2595797.58583
1212	4535542.89116	2555452.66198
1213	4524561.12001	2555659.42352
1214	4487511.91629	2567780.03692
1215	4495436.54428	2555914.19568
1216	4672989.52535	2631321.48671
1217	4680367.74672	2674232.93234
1218	4634538.98594	2608462.94402
1219	4683651.43999	2627749.02884
1220	4672639.68642	2678594.81342
1221	4688859.32731	2697225.68286
1222	4647500.4069	2720126.49324
1223	4769546.44729	2749283.17348
1224	4653320.17117	2733206.40165
1225	4640648.78744	2747016.2804
1226	4522996.75202	2697870.4476
1227	4581994.42044	2659720.17965
1228	4799474.17693	2826573.19514
1229	4773336.53886	2824339.47732
1230	4731673.47101	2829544.4738
1231	4696911.33653	2787574.74879
1232	4702002.2981	2802495.02001
1233	4674458.29039	2782442.07024
1234	4677187.76207	2797182.25643
1235	4628127.40781	2774201.55863
1236	4620691.64088	2776217.54424
1237	4634322.17912	2809122.60392
1238	4552122.40495	2762005.35047
1239	4466103.59686	2667049.55383
1240	4453540.94276	2673396.93747
1241	4443878.0359	2661072.93625
1242	4476725.58555	2718187.18767
1243	4460234.91757	2704432.35445
1244	4447147.45421	2701094.32786
1245	4431303.23864	2690469.49193
1246	4097032.53542	2586174.66628
1247	4098293.90422	2578269.76386
1248	4102295.7509	2574001.95632
1249	4030251.99372	2558487.62156
1250	4058013.77079	2584467.85076
1251	4097022.58704	2633692.51638
1252	4102243.68019	2614779.67986
1253	4120795.16931	2605867.73022
1254	4118311.6196	2555461.9902
1255	4127454.26019	2555895.04182
1256	4154860.46994	2584952.76961
1257	4154506.01374	2572249.3718
1258	4158057.78189	2559433.77534
1259	4162658.06715	2585479.36668
1260	4171612.59456	2590847.1225
1261	4178204.67277	2595539.55623
1262	4178528.68468	2608993.90319
1263	4178319.99321	2621713.74166
1264	4138366.12784	2622109.71943
1265	4132004.77287	2632791.744
1266	4084547.50613	2552634.89682
1267	4174698.41522	2568708.03975
1268	4166379.97518	2568925.98353
1269	4211418.31468	2585459.99318
1270	4205065.87288	2578855.97852
1271	4210720.30189	2575753.67843
1272	4216834.81918	2568909.7512
1273	4212840.45154	2563751.02599
1274	4225018.55236	2640176.69022
1275	4227444.15276	2598633.56492
1276	4260899.99247	2606782.25268
1277	4265221.17564	2599261.11704
1278	4275043.92679	2598426.22683
1279	4278318.04474	2586064.87882
1280	4269875.99126	2568941.03691
1281	4272884.11121	2555086.57134
1282	4240601.85878	2576751.60254
1283	4229383.88146	2556361.61916
1284	4228406.59378	2543669.65875
1285	4257941.43837	2571301.48997
1286	4247384.67777	2493697.79077
1287	4254162.79874	2487638.38846
1288	4274862.44479	2506865.12701
1289	4577609.77598	2821219.3073
1290	4600319.48544	2825937.77315
1291	4022343.84031	2642688.764
1292	4245632.4114	3548684.38948
1293	4244855.91301	3575488.12478
1294	4233604.75074	3594980.32353
1295	4222951.51025	3595732.34181
1296	4231286.04696	3615922.66157
1297	4229083.82964	3641152.0369
1298	4234419.87501	3666764.33921
1299	4248623.40432	3637044.41118
1300	4257866.60751	3670658.59806
1301	4235857.771	3709063.52351
1302	4241111.67119	3704143.93084
1303	4263800.85081	3711293.58821
1304	4297245.32741	3695452.53481
1305	4297440.85988	3676702.72573
1306	4292855.25494	3707262.83632
1307	4290422.56147	3699244.87123
1308	4282743.40973	3705732.02796
1309	4280576.46394	3530565.03951
1310	4279467.78014	3544504.357
1311	4286839.90974	3541230.10177
1312	4312420.71801	3532003.5815
1313	4335175.47457	3567912.62513
1314	4339971.08396	3593645.96497
1315	4322596.17955	3595214.70152
1316	4349434.10756	3591551.9508
1317	4346421.44623	3585105.71808
1318	4350991.82014	3586740.2722
1319	4357690.79336	3551428.54633
1320	4282165.32819	3571269.90409
1321	4268923.98634	3591760.4953
1322	4292937.58908	3579227.89468
1323	4297313.44796	3596882.76843
1324	4308018.51853	3611840.45911
1325	4290485.12967	3622639.0283
1326	4274599.56373	3638310.34234
1327	3546369.34304	2761420.17425
1328	3533759.88311	2760817.1507
1329	3504264.6883	2726855.29383
1330	3505567.54797	2715908.01738
1331	3503871.78387	2741257.03328
1332	3468766.67904	2742963.36753
1333	3478584.33811	2729497.90454
1334	3476274.32139	2722073.78659
1335	3453844.38585	2730318.72652
1336	3467473.20734	2689923.92995
1337	3444064.4531	2733054.13332
1338	3454060.82607	2745248.78139
1339	3451153.27033	2752890.41515
1340	3445062.03645	2750260.3255
1341	3627856.9312	2975984.1676
1342	3627470.96964	2987971.76342
1343	3633019.75042	2995000.88069
1344	3638812.49742	2985890.19119
1345	3649485.51355	2981534.27913
1346	3671946.13887	2981697.65218
1347	3692669.53021	2973821.61621
1348	3685348.87862	2967549.1458
1349	3693412.11206	2963605.16283
1350	3680377.80793	2961594.80548
1351	3670703.74628	2958603.93208
1352	3675046.24095	2952708.25974
1353	3698851.66094	2957006.29032
1354	3715775.03171	2938374.63116
1355	3706644.10307	2929896.21118
1356	3576803.01878	2943510.75126
1357	3575228.13717	2949109.94093
1358	3581012.55402	2954273.33832
1359	3588828.9304	2954381.27984
1360	3590772.934	2942764.55989
1361	4293571.59633	3425763.15018
1362	3422160.45571	2109810.92739
1363	3169208.98372	2040248.6075
1364	3165514.46764	2042513.34294
1365	3177717.27629	2007417.33054
1366	3159400.95811	2022516.36249
1367	3160522.36647	2023362.39295
1368	3148065.24432	1984908.65262
1369	2879039.02571	2338946.43023
1370	2975611.51137	2243854.00973
1371	3054986.458	2387883.17589
1372	3047795.48578	2411067.50375
1373	3048854.1273	2408248.91656
1374	3057774.51529	2406789.99331
1375	3059657.64321	2404115.51226
1376	2775294.98008	2205548.21438
1377	2840567.56563	2184716.88798
1378	2759426.52988	2085552.49441
1379	2753350.08129	2016796.73608
1380	2987592.70858	2188409.9441
1381	2994780.36844	2195408.60091
1382	3005115.7114	2126577.90513
1383	2985370.22629	1996611.20964
1384	2919559.448	1972640.17175
1385	3114023.77942	2313942.43734
1386	3168897.03907	2306078.76579
1387	3188055.12412	2240163.84606
1388	3098559.45303	2182664.01746
1389	3251103.65759	2277327.39799
1390	3301025.07955	2311841.40279
1391	3367032.55149	2323031.71683
1392	3361012.84903	2326041.66173
1393	3279544.77972	2326039.43949
1394	3471318.25563	2215145.0049
1395	3415598.71843	2139367.54375
1396	3410089.29835	2118690.20081
1397	3392861.70261	2110916.04043
1398	3408226.11887	2031611.12974
1399	3515076.24367	2211794.30059
1400	3557251.03609	2191314.87223
1401	3574697.01004	2171431.50518
1402	3597878.60695	2198088.25965
1403	3613246.36786	2177371.91938
1404	3646753.25438	2157553.64314
1405	3695036.49978	2097069.21056
1406	3734197.9768	2130493.23645
1407	3680827.0402	2087005.44379
1408	3677832.47007	2092137.66529
1409	3656558.36976	2087737.08243
1410	3536815.81827	2103074.72365
1411	3583649.77064	2044564.63237
1412	3653547.879	2062358.85771
1413	3657648.79441	2063502.48034
1414	3655912.61341	2067424.87727
1415	3466146.66375	1935087.7642
1416	3419688.68256	1878324.49997
1417	3427539.16121	1881034.73543
1418	3417039.06438	1846935.80412
1419	3401080.62818	1776770.44291
1420	3427911.10137	1786148.80516
1421	3162809.32265	2021683.82856
1422	3399741.63781	1765077.36269
1423	3334882.1393	1721207.13563
1424	3207714.01635	1628523.22726
1425	3122645.82589	1640362.04153
1426	3113830.07836	1676447.30874
1427	3031184.31968	1639880.58039
1428	2955128.32007	1616918.30647
1429	2872666.8228	1648518.96415
1430	2904073.32077	1741658.31769
1431	2917929.84547	1733656.71574
1432	2810275.32159	1769735.00778
1433	2911490.55884	1722794.35097
1434	3026313.64363	1773183.09477
1435	3092635.65552	1840279.73974
1436	3090046.48989	1775462.99342
1437	3104718.07102	1744654.39623
1438	3144535.47727	1762747.72054
1439	2863696.80112	1902726.80653
1440	3110396.25017	1874131.93512
1441	3163251.26806	1873089.31437
1442	3157649.33613	1925272.85709
1443	3137088.61047	1955951.08691
1444	3133001.50489	1982785.793
1445	3238694.59613	2007291.48355
1446	3232444.37391	2011104.65343
1447	3194341.52871	2039284.95038
1448	3147644.39723	2035822.67888
1449	3160024.04799	2026619.98626
1450	3166792.08169	2026457.78247
1451	3173580.05737	2026421.70829
1452	2786262.19043	2419190.786
1453	2777041.18375	2406788.13284
1454	2777287.07989	2390945.87626
1455	2816579.82868	2385675.97792
1456	2796348.0875	2383220.84408
1457	2806260.04136	2354746.21562
1458	2846815.33305	2374299.63405
1459	2799050.44177	2336530.67969
1460	2796799.36436	2319508.76991
1461	2821374.90028	2311548.67983
1462	2837927.03342	2325326.91918
1463	2836982.65936	2309888.69759
1464	2868965.61902	2404151.95465
1465	2842297.98917	2436624.27279
1466	2839679.88603	2433038.00347
1467	2833584.44346	2432803.51728
1468	2838000.69179	2427017.8908
1469	2863376.71366	2314033.53445
1470	2875955.14788	2321769.24176
1471	2881728.29851	2313049.29259
1472	2886054.30084	2309704.08411
1473	2916012.36496	2296877.54443
1474	2923917.24638	2299549.65951
1475	2935835.64445	2303912.83906
1476	2945031.98044	2304177.19945
1477	2961471.55478	2311113.0006
1478	2929693.00846	2292209.39702
1479	2926116.38067	2285844.07239
1480	2925509.38261	2263097.95122
1481	2952490.06824	2259406.39219
1482	2945321.52994	2267115.83643
1483	2903494.26861	2275136.0286
1484	2906647.54284	2283329.63103
1485	2976967.95663	2320294.00382
1486	2981533.50169	2328499.3941
1487	2982984.57283	2333397.63329
1488	2987596.61041	2337982.98952
1489	3000229.06143	2349892.79097
1490	3046820.24753	2373092.48876
1491	3182492.51089	2357606.98975
1492	3084272.67872	2199110.96265
1493	2769395.76928	2204710.75471
1494	2770198.34342	2190270.5945
1495	2780701.709	2187551.7188
1496	2766123.26471	2157138.83775
1497	2797214.50405	2184103.6092
1498	2813080.20069	2180119.59046
1499	2838003.7506	2180058.99418
1500	2873315.30527	2173585.86853
1501	2893445.24677	2167949.0236
1502	2914724.11616	2149896.24702
1503	2929993.09419	2181811.92269
1504	2969231.87948	2189939.82383
1505	2947986.48574	2173119.68041
1506	2960096.05257	2181100.36815
1507	2817059.49556	2134298.82391
1508	2772649.39616	2144633.88587
1509	4207107.2753	2668751.71493
1510	4185049.61422	2750365.47147
1511	4166684.54576	2735102.18306
1512	4174629.30791	2725805.4815
1513	4074671.25661	2902923.08535
1514	4063222.34287	2617552.54489
1515	4044309.57256	2561208.32865
1516	4167214.14672	2710943.86211
1517	4086368.68279	2663314.82919
1518	4026598.40004	2574394.25189
1519	4207786.91267	2598989.5586
1520	4222324.77532	2586383.25115
1521	4245846.49534	2580792.41425
1522	4234182.78222	2581704.64503
1523	4273299.01512	2606664.99909
1524	4237064.27029	2565215.08654
1525	4067738.46904	2704999.77702
1526	4125158.73161	2732991.42462
1527	4112022.10614	2779910.68757
1528	4125873.98611	2838559.66694
1529	4272770.58664	3547516.29157
1530	4247283.02343	3595720.25679
1531	4227428.44853	2514162.14959
1532	4235334.99017	3690232.45104
1533	4322425.54871	3650838.64223
1534	4287167.17102	3604535.87512
1535	4322039.01383	3587981.70871
1536	4352192.31487	3582372.85167
1537	4332366.86805	3684423.32313
1538	4299084.30778	3705621.0664
1539	4311372.63211	3752712.55904
1540	4323406.15359	3777874.82481
1541	4282078.8209	3596451.04917
1542	4342575.07203	3683121.46475
1543	4303627.91635	3463477.97954
1544	4543568.54687	3445155.3871
1545	4472814.13022	3407921.10802
1546	4585079.56927	3286206.92841
1547	4534641.87008	3290885.93667
1548	4609430.46079	3350598.41385
1549	4323701.97089	3407883.87428
1550	4285737.42753	3408606.41887
1551	4199246.70131	3353636.99102
1552	4274273.50401	3422353.41935
1553	4378794.77639	3416540.77236
1554	4277426.69748	3265074.34218
1555	4088454.20853	3175903.88132
1556	4175154.57099	3249226.32814
1557	4197873.64581	3256326.64091
1558	4206892.97657	3206257.60505
1559	4094982.23114	3164916.14598
1560	4168854.2435	3185305.34932
1561	4159470.76656	3214091.97734
1562	4184517.62791	3178920.23937
1563	4123341.65059	3151853.54387
1564	4123806.73405	3144709.98311
1565	4085296.37032	3131502.33979
1566	4122397.87408	3127546.63355
1567	4112022.75375	3110742.01347
1568	4089943.70689	3102189.27297
1569	4094958.42124	3088307.66576
1570	4106592.27147	3078902.74005
1571	4122861.41522	3081220.24551
1572	4172987.29897	3085472.80748
1573	4129066.38201	3165883.20427
1574	4140444.87221	3152997.43298
1575	4080664.92209	3096081.73408
1576	4063226.96014	3085047.16062
1577	4058080.67687	3094811.73474
1578	4135981.81644	3037403.44899
1579	4073984.09013	2993065.48825
1580	4194883.22784	3195267.9624
1581	4080473.29307	3147765.56943
1582	4178991.29397	3192131.13853
1583	4132187.64539	3150329.65739
1584	4606801.41282	2161887.55411
1585	4609483.02247	2197654.31332
1586	4597630.11412	2269372.0237
1587	4533153.04032	2165107.00281
1588	4527971.45161	2092292.99242
1589	4528893.96184	2073815.21497
1590	4478045.45276	2120269.73199
1591	4412584.03213	2300357.16746
1592	4421763.71912	2305817.81949
1593	4421885.39942	2298084.00012
1594	4427658.21413	2289555.06143
1595	4436405.84272	2285549.40174
1596	4346381.66402	2279150.62407
1597	4421855.45577	2375911.02588
1598	4407037.29593	2444802.44231
1599	4311303.4392	2333826.18069
1600	4299304.52386	2338141.55311
1601	4490877.31062	2474966.80447
1602	4466011.85052	2472915.59902
1603	4418472.05746	2482293.65442
1604	4266830.36785	2484495.03516
1605	4251500.86136	2508146.39903
1606	4336943.37572	2515352.42947
1607	4388817.93569	2473585.17173
1608	4234441.07991	2397968.02643
1609	4232160.35277	2375999.40495
1610	4137904.16455	2414606.86873
1611	4139141.66047	2473056.51231
1612	4189744.35901	2356154.12597
1613	4162521.55634	2473753.24764
1614	4199529.42744	2499702.82906
1615	4215425.6459	2494576.45707
1616	4237243.782	2494910.21871
1617	3500547.72377	2886508.52731
1618	3465894.35123	2841591.63231
1619	3375092.36437	2894573.77627
1620	3284821.92293	2917948.2296
1621	3428666.45138	2754682.5251
1622	3585135.78223	2935777.56334
1623	3613664.93942	2799475.86801
1624	3570636.62781	2724655.91568
1625	3601528.19221	2728320.13281
1626	3665443.85284	2956868.50366
1627	3683410.16575	2977317.24385
1628	3711934.91723	2630617.87311
1629	3519157.84696	2617979.94079
1630	3503374.33588	2511539.14816
1631	3632891.50193	2627245.27751
1632	3514042.36812	2488604.77169
1633	3498592.94976	2483155.33904
1634	3768679.5121	3015497.47323
1635	3749785.17536	3119272.02613
1636	3756845.43784	3120826.21156
1637	3771473.20896	3126605.07767
1638	3771585.06847	3118720.42246
1639	3818731.52751	3081207.12043
1640	3830046.65333	3064697.51338
1641	3813656.20395	3046623.95986
1642	3847441.58693	3041922.15593
1643	4035235.4046	3292691.01343
1644	4062039.19643	3276018.65995
1645	4109496.85722	3361646.79716
1646	4112801.46954	3345265.42245
1647	4019152.94313	3073214.95491
1648	4455512.78083	3239977.19145
1649	4410751.3777	3233341.89754
1650	4576522.74121	3268512.68751
1651	4466442.19218	3153378.45911
1652	4580997.19724	3151702.64829
1653	4467063.7462	3104010.3608
1654	4487522.26035	3105258.38165
1655	4481474.84778	3096938.8741
1656	4539670.74795	3102840.21669
1657	4582591.35707	3049787.47478
1658	4462898.09042	3068888.90252
1659	4621113.19373	3060010.47213
1660	4362290.37286	3242704.6024
1661	4250351.72029	3213033.48925
1662	4273292.87813	3109650.00128
1663	4350790.14907	3243247.7015
1664	4277305.07694	3252724.56723
1665	4620902.25742	3328126.92768
1666	4697263.20389	3447421.15938
1667	4558686.73268	3236888.93214
1668	4997199.39625	3485283.5542
1669	4931694.42886	3406093.64419
1670	4952295.51006	3195683.2749
1671	4940299.13511	3200504.7953
1672	4968292.77238	3147151.47346
1673	4688361.53855	3133699.76541
1674	4667663.39122	3101485.59477
1675	4877629.63969	3362878.5663
1676	4792782.7086	3277020.40514
1677	4610219.56585	3316524.04502
1678	5095992.29055	3316654.51251
1679	5123282.62915	3230362.49546
1680	5050505.91872	3125937.12157
1681	4884028.23002	3107688.7899
1682	4929637.84709	3045059.33187
1683	4459779.48694	2916497.51861
1684	4553991.00598	2945734.1541
1685	4700616.42437	3068663.26005
1686	4669808.21479	3005567.61066
1687	4820210.71111	2900842.2754
1688	4871418.79594	2955799.5617
1689	4971406.80542	2924563.49109
1690	5082441.46531	2923451.06696
1691	5134992.52794	2927907.18309
1692	5187931.56603	2897024.27023
1693	5128665.42543	3074473.35534
1694	5099189.77046	3061304.26683
1695	5115468.24405	3046502.32963
1696	4877651.73608	2846760.29298
1697	4887507.00679	2827339.146
1698	4902647.77187	2752442.05659
1699	4974630.22863	2707674.61014
1700	5149395.81294	2809915.8353
1701	4798658.19995	2803686.37225
1702	5267490.64002	2895840.80724
1703	5168279.6748	2835401.51219
1704	5210472.11591	2770334.20724
1705	4809380.27805	2537931.63106
1706	5107880.19588	2503569.70241
1707	5136069.24934	2428249.4613
1708	5104386.68872	2430221.59652
1709	5072593.96111	2484018.06694
1710	4997685.74115	2392020.03305
1711	4950095.57958	2505468.21963
1712	4810023.97205	2495905.14862
1713	4753463.61599	2586436.42653
1714	4688461.77654	2480751.01137
1715	4674791.92121	2609048.59666
1716	4707987.46224	2587073.05331
1717	4709433.67385	2573158.4501
1718	4676404.50814	2554677.80765
1719	4594200.78854	2536200.93782
1720	4610216.2325	2519878.92392
1721	5198670.11063	2623803.02066
1722	5316591.81655	2623377.28335
1723	5325884.18023	2602308.77049
1724	5318872.89415	2486280.22485
1725	5163870.97335	2490560.89422
1726	5166207.27252	2462864.58265
1727	5436051.33991	2644304.30476
1728	5386088.37702	2533326.24565
1729	5493006.31875	2489822.46452
1730	5512612.44259	2556079.76512
1731	5428977.68104	2395305.67885
1732	5421760.75744	2722361.0234
1733	5440746.8712	2729622.27865
1734	5313065.50882	2824581.6945
1735	5610752.14993	2704018.89758
1736	5535192.51789	2862952.35941
1737	5662010.13815	2675662.8018
1738	5583265.72815	2567711.72257
1739	5605942.54336	2500389.70161
1740	5726534.07268	2640653.47595
1741	5712992.19614	2625015.39531
1742	5729006.22052	2408357.23922
1743	5178476.30249	2053351.45047
1744	5160285.75378	2062914.57639
1745	5138007.71835	2082900.4392
1746	5148998.72406	2087613.61917
1747	5508025.07407	2227176.9227
1748	5231652.80966	2232689.09151
1749	5432736.83897	2286745.83637
1750	5292643.68901	2329940.50878
1751	5094477.54657	2293021.14433
1752	5016994.90104	2218872.75277
1753	5661529.21642	2272253.67812
1754	5635864.63667	2285471.78985
1755	5464005.46145	2357006.38063
1756	5076445.99749	2340805.46078
1757	5057552.44726	2276451.36413
1758	4841945.98659	2304714.69774
1759	4960823.44744	2278584.81812
1760	4573643.85005	2563053.67696
1761	4521905.61355	2645755.22085
1762	4661486.63196	2781623.32515
1763	4515613.18986	2709114.42313
1764	4747819.35823	2819242.56126
1765	4563577.30548	2798859.72746
1766	4462645.44359	2689963.87366
1767	4402862.71245	2690587.41413
1768	4385712.00185	2676443.48465
1769	4372054.29776	2679329.00053
1770	4297679.6791	2664017.69666
1771	4409241.89537	2704604.57607
1772	4407951.11102	2735455.88829
1773	4324509.59027	2786228.86076
1774	2948992.70609	2168177.31144
1775	3204231.1924	2349445.03157
1776	3648488.62788	2077604.59917
1777	2929953.45087	1600710.10622
1778	2880544.94212	2009208.51187
1779	3179892.88815	2008655.19953
1780	3153871.71233	2018082.74811
1781	3075381.6126	2171709.49453
1782	2932175.18865	2164797.26586
1783	3160802.11617	2043394.63685
1784	3183271.64335	2022238.87864
1785	3351241.36918	2315517.64034
1786	2910216.887	2300895.39088
1787	2977426.36531	2324485.27667
1788	3089743.95905	2197457.21914
1789	3459715.59584	2078953.90776
1790	3420725.91084	2138167.64656
1791	3652746.65823	2078600.54814
1792	3635632.82769	2082784.28542
1793	3527342.18415	2057229.53836
1794	3551895.86594	2033049.13555
1795	3680866.35244	2134244.76998
1796	3710186.4025	2119762.09983
1797	3459696.83442	1936291.50184
1798	3419783.6492	1891127.02142
1799	3408243.22006	1860527.5566
1800	3382275.56684	1801252.18307
1801	3290605.21897	1923288.13297
1802	3349560.5874	1680407.60802
1803	2905407.20614	1764235.39072
1804	3146783.78981	2025423.28515
1805	3047395.55773	2377743.27334
1806	3044728.81736	2378345.63151
1807	3284606.62936	2343017.86065
1808	3507494.39223	2140726.90731
1809	3668331.8978	2074125.27976
1810	3438978.04421	1902074.35117
1811	2662140.0155	1956249.20557
1812	3585740.22374	2048281.3918
1813	3259656.17523	1632451.34451
1814	3259985.18555	2048007.48031
1815	2846755.38922	2425234.36456
1816	2958719.457	2322456.40339
1817	2982868.99883	2303170.47361
1818	3183597.87749	2327595.01867
1819	3150166.55827	2275256.56387
1820	2935277.88926	2167526.59381
1821	3245241.78067	2282649.82732
1822	3287121.36626	2287681.88835
1823	3352954.99514	2191034.25367
1824	3508027.12952	2082352.73898
1825	3630160.88037	2066136.30063
1826	3665266.40833	2094423.84627
1827	3096524.82874	1685591.05075
1828	3008036.75236	1658508.45239
1829	2930898.00096	1596667.42757
1830	2915866.04789	1717524.5463
1831	3077315.09934	1774666.83567
1832	2975877.87436	1992167.92142
1833	3167668.11717	2045240.48903
1834	3250192.09381	2326663.99094
1835	3266492.31333	2339676.54915
1836	3320469.07065	2304161.73909
1837	3359512.17651	2264013.03408
1838	3369873.37072	2153298.52786
1839	2781134.46347	2196203.04838
1840	2770486.64452	2119862.28452
1841	2718829.97826	2040457.42977
1842	2697871.83103	2010732.75849
1843	2911775.40546	1591845.67946
1844	2654086.04083	1950170.82222
1845	2693337.87368	1973176.94329
1846	2845566.82285	2303175.81602
1847	3400324.7113	2094928.17092
1848	2862726.45631	1851281.32529
1849	3742385.30335	2478279.65165
1850	3741063.27851	2460617.36346
1851	3755654.02261	2511122.60826
1852	3756301.72181	2564934.33878
1853	3737104.94952	2588516.51135
1854	3729814.95056	2582525.23444
1855	3715666.87862	2568594.40537
1856	3681984.68746	2577549.58201
1857	3723514.36468	2549478.11321
1858	3782483.95477	2612924.28466
1859	3803329.7903	2611470.23225
1860	3815978.43004	2564186.35153
1861	3811901.90269	2547724.09295
1862	3829433.10808	2519299.70058
1863	3832628.4788	2529597.09435
1864	3835044.04685	2542844.67654
1865	3855330.47827	2591605.1954
1866	3847882.91056	2635946.32637
1867	3729544.8537	2662981.09985
1868	3740960.13837	2691176.41143
1869	3720252.74357	2707337.77193
1870	3727775.71547	2768553.71235
1871	4211625.99032	2856962.67167
1872	4220608.88029	2973708.09003
1873	4224362.3389	2942737.78163
1874	4211945.9082	2932678.48194
1875	4214960.58989	2925348.12584
1876	4208450.28379	2916393.53867
1877	4184273.11098	2851526.95033
1878	4172736.98743	2839714.79319
1879	4165441.88185	2822956.8562
1880	4097943.5065	2858030.29579
1881	4129376.43873	2875006.97921
1882	4157438.07705	2865600.16073
1883	4142902.55129	2861211.89706
1884	4155260.51911	2846278.23267
1885	4141994.89257	2845488.41701
1886	4148333.55361	2842859.32867
1887	4147191.27142	2831990.01133
1888	4140918.01935	2837041.42325
1889	4137387.35436	2827464.58762
1890	4139387.26914	2814674.49195
1891	4132873.73466	2800960.83631
1892	4125136.93077	2787902.98229
1893	4122302.50854	2776493.49546
1894	4227738.99137	2741611.87546
1895	4221194.55716	2741120.09126
1896	4236741.79587	2742678.03156
1897	4173588.02437	2733098.25825
1898	4241623.00977	2711735.27984
1899	4230921.43566	2710082.06929
1900	4211563.9373	2707400.93768
1901	4204328.6625	2715416.70961
1902	4214697.55056	2721262.69173
1903	4195713.41841	2715603.65999
1904	4320481.23826	3747881.6652
1905	4319004.96188	3736098.6006
1906	4324338.62028	3705568.12358
1907	4360596.30289	3704672.34639
1908	4375467.9288	3703758.67503
1909	4333857.78923	3701836.14604
1910	4251805.44809	3589309.22776
1911	4272490.67383	3501746.67035
1912	4340022.04841	3472758.78308
1913	4330767.64198	3457720.52022
1914	4330483.32023	3470080.21124
1915	4323779.79111	3458593.70846
1916	4518643.86808	3464244.24532
1917	4540798.68251	3414725.87159
1918	4535776.20809	3416872.37798
1919	4530710.96373	3427934.78107
1920	4529302.87734	3420150.09738
1921	4471819.23262	3438763.22769
1922	4585361.73338	3385483.45441
1923	4551401.73537	3295207.84175
1924	4588049.93383	3349966.46087
1925	4050033.67252	2995359.77813
1926	4037701.5075	2995564.85362
1927	4614828.36537	1679532.44141
1928	4592904.46637	1664294.49876
1929	4570610.94474	1629655.29297
1930	4545530.0215	1650534.21494
1931	4626496.71192	1651980.07932
1932	4640114.85667	1656617.6064
1933	4651497.06621	1659455.00992
1934	4651176.73004	1592431.95549
1935	4735765.32952	1539192.45054
1936	4729054.64596	1559976.33319
1937	4789341.2011	1574130.7876
1938	4794007.312	1572877.96536
1939	4778479.555	1684058.63547
1940	4786817.05362	1690367.24627
1941	4772093.63594	1613665.34981
1942	4778765.40938	1571698.3816
1943	4867144.84011	1835447.77031
1944	4882978.7956	1840283.31534
1945	4840279.0631	1894983.38115
1946	4881600.55274	1934249.21602
1947	4741404.78751	1950424.55755
1948	4676990.76803	2051464.30444
1949	4715427.70109	1963973.3269
1950	4701802.58278	1973120.6429
1951	4690562.96451	1979109.67173
1952	4682941.54566	1985794.8868
1953	4665692.18623	1981996.34395
1954	4634343.16115	2117600.65795
1955	4633145.91256	2158404.81898
1956	4622838.11336	2159320.91929
1957	4594481.45717	2151831.21632
1958	4538446.17039	2077459.02662
1959	4520632.52472	2086835.01321
1960	4481169.97843	2108483.74587
1961	4097692.29864	2294633.59399
1962	4088346.31707	2300763.85749
1963	4099856.87362	2301908.25855
1964	4086703.60238	2287169.80364
1965	4078471.04301	2282240.0268
1966	4076591.60374	2293347.51413
1967	4068617.09497	2285268.76703
1968	4062114.10158	2276086.58163
1969	4054989.36198	2289529.14397
1970	4051129.64791	2279716.52046
1971	4048079.62041	2261990.26548
1972	4006087.96537	2261388.94737
1973	3998770.90391	2269129.85013
1974	4007213.46774	2300225.71805
1975	3998128.44054	2302281.48425
1976	3996018.60587	2290827.98069
1977	3976443.89694	2239865.5982
1978	3985443.72339	2241993.13807
1979	3991211.1424	2233796.19422
1980	4006990.97451	2440142.46032
1981	3991771.44767	2421501.7814
1982	4001829.82843	2412531.47871
1983	3970594.94968	2439037.07273
1984	4007154.96611	2391203.2421
1985	4017111.1741	2378588.78054
1986	3997446.06737	2378572.32372
1987	4008566.78152	2366407.14611
1988	3990230.76038	2356348.16296
1989	4003232.4642	2358273.45844
1990	4008390.15581	2347484.33375
1991	4000730.69733	2346310.67542
1992	3999521.4041	2337435.98536
1993	3988668.04293	2319094.03396
1994	3972279.1278	2312657.13107
1995	3982243.54805	2313141.02601
1996	3942362.84848	2298153.54994
1997	3927886.84019	2305916.36012
1998	3946401.60914	2275285.34795
1999	3916098.43803	2295118.13655
2000	4082034.85742	2492898.18985
2001	4073724.43745	2507449.51511
2002	4054681.87472	2495136.1115
2003	4062590.76295	2471631.36187
2004	4070988.78195	2539665.18124
2005	4057582.44721	2561314.22559
2006	4042896.99649	2537265.05902
2007	4016775.41149	2538054.59044
2008	4020791.27957	2544688.55682
2009	4036273.73592	2498111.52132
2010	4033811.50094	2469289.51357
2011	4043373.91465	2458305.1342
2012	3978405.08572	2464899.32806
2013	3986788.87013	2461256.05743
2014	3997707.43517	2470119.38276
2015	4004448.20935	2506598.6106
2016	3989503.96189	2511117.71967
2017	3989144.41037	2524829.96381
2018	3978592.21214	2508064.46541
2019	3950267.30355	2635715.85345
2020	3914751.19503	2657475.52022
2021	3912769.12435	2634116.8018
2022	3910808.23919	2642092.59126
2023	3903774.20426	2629027.26951
2024	3885915.18203	2626189.82723
2025	3923199.59222	2623454.51087
2026	3993050.36341	2629948.12437
2027	3930853.70183	2586383.68882
2028	3994743.8326	2595423.48481
2029	3975824.73312	2587146.02854
2030	3964894.67254	2579990.10336
2031	3978837.37507	2576532.65101
2032	3986324.6087	2567745.5309
2033	4015861.55279	2920000.33945
2034	3974938.08389	2946013.62601
2035	4030338.32336	2909401.45651
2036	4041693.48978	2899497.1981
2037	4039744.49262	2917710.11774
2038	3999855.97323	2952285.30346
2039	4010330.34963	2946274.09588
2040	3950579.70524	2976577.40103
2041	3943703.6961	2978045.30528
2042	3946698.21617	2970968.31628
2043	3944338.05543	3018203.92798
2044	3786360.61985	2763675.93193
2045	3794288.14837	2816436.42569
2046	3795864.81778	2794677.03024
2047	3792192.38193	2825480.28017
2048	3798392.37776	2832248.36394
2049	3818793.06857	2833763.02879
2050	3812416.29038	2831900.63096
2051	3816671.96445	2842796.12578
2052	3718825.58731	2832123.13711
2053	3713490.82264	2828288.50878
2054	3704301.91078	2849007.61069
2055	3705607.80826	2825237.13599
2056	4378420.54617	2488670.16128
2057	4435843.75126	2492281.91041
2058	4449328.28897	2499473.61745
2059	4485905.62785	2496247.77013
2060	4448861.75524	2521576.53881
2061	4459719.05215	2534266.8616
2062	4428553.47453	2546043.14644
2063	4446363.06009	2548475.86575
2064	4497343.01697	2538056.41054
2065	4504442.66275	2543118.00017
2066	4507723.17932	2530778.66133
2067	4514627.5591	2526857.07028
2068	4160582.10057	2320425.7843
2069	4115706.52849	2305285.75082
2070	4204382.61792	2370289.70753
2071	4223215.53149	2372701.02652
2072	4177199.85424	2392888.61209
2073	4187849.39801	2452482.08179
2074	4143849.947	2517651.63378
2075	4138181.9601	2521958.865
2076	4139436.49423	2531557.3965
2077	4127481.40828	2519551.8193
2078	4104219.89489	2517621.10228
2079	4102179.06256	2528026.58292
2080	4119208.27051	2532227.66204
2081	4171695.07081	2490715.67872
2082	4186624.34887	2550918.72562
2083	4194757.00132	2572074.70347
2084	4200789.76264	2586403.0397
2085	3275433.93046	2925216.06596
2086	3258217.31993	2920777.10593
2087	3271064.4605	2912794.74344
2088	3278435.53874	2869115.12634
2089	3293876.39924	2854696.12743
2090	3287913.65448	2848599.51399
2091	3329112.97125	2835474.92993
2092	3381734.84663	2812903.86146
2093	3403423.06111	2832013.87452
2094	3305690.2699	2922975.3552
2095	3300863.9142	2903396.30032
2096	3343381.6156	2935791.65419
2097	3350046.5027	2906278.94958
2098	3366824.94046	2902053.78279
2099	3380941.90757	2903161.02117
2100	3411073.75662	2900353.13656
2101	3435874.6217	2903994.35937
2102	3449284.92447	2845437.42188
2103	3450352.5696	2836876.00723
2104	3458142.19356	2838028.1732
2105	3373103.43157	2807191.3378
2106	3414009.26955	2775058.6938
2107	3401854.21151	2765083.53059
2108	3393558.69796	2764075.11385
2109	3558162.87765	2899535.14406
2110	4365515.82128	3410464.32862
2111	4315942.57481	3384744.37064
2112	4291893.72478	3380675.59527
2113	4306780.49774	3392475.83858
2114	4298639.99156	3386573.18784
2115	4285273.98975	3393775.28092
2116	4243882.75487	3363995.70299
2117	4233003.48593	3370709.72152
2118	4232259.906	3330366.98921
2119	4254967.87612	3318136.65456
2120	4256932.32395	3331166.05234
2121	4247695.88437	3311119.86618
2122	4246196.35204	3330132.84056
2123	4279011.28361	3322618.01955
2124	4261542.24912	3299063.00476
2125	4214446.71576	3333097.56232
2126	4191617.76465	3387077.79027
2127	4189090.60681	3397832.22644
2128	4196452.30838	3382794.12185
2129	4150039.96861	3361063.16487
2130	4130563.185	3371888.60437
2131	4198103.16589	3308552.83084
2132	4283770.33917	3381919.0586
2133	4233558.68135	3342805.94265
2134	4164713.33431	3252512.54242
2135	4160431.37133	3243744.45666
2136	4188501.90828	3245290.81421
2137	4194108.39773	3222589.15389
2138	4064345.55194	3174102.3301
2139	4077599.96234	3134240.27728
2140	4068417.29729	3129340.8866
2141	4158556.39591	3174348.38774
2142	4221514.00832	3166780.22179
2143	4044748.34612	3084222.61446
2144	4142437.89257	3146395.91511
2145	4119051.24763	3137178.70852
2146	4126829.52948	3136281.45037
2147	4160181.7607	3144023.16547
2148	4168222.53762	3152084.70156
2149	4167405.96954	3137270.0721
2150	4176220.99679	3133451.04787
2151	4179382.69322	3113184.50835
2152	4182638.29685	3095291.81184
2153	4196265.79889	3100876.58766
2154	4187267.87491	3041766.46703
2155	4115504.88326	3159884.63566
2156	4207461.612	3215146.48931
2157	4197228.23022	3245065.62555
2158	4216041.99963	3205463.29001
2159	4147024.88802	3161078.49437
2160	4140555.70135	3049112.83421
2161	4159805.83796	3035423.71521
2162	4092174.41759	3148784.17679
2163	4045842.70328	2980877.60702
2164	4043763.3759	2968513.53128
2165	4098563.26626	2989518.61677
2166	4215544.17049	3000109.89954
2167	4507249.25375	3262287.84658
2168	3953347.23109	2255291.20829
2169	3950996.40987	2248224.50198
2170	3943609.35285	2264994.91158
2171	3946002.17852	2253462.27803
2172	3970308.49129	2305901.56675
2173	3900465.32028	2273140.06249
2174	3911015.62089	2277355.27444
2175	3919714.95947	2265384.94293
2176	3923972.08542	2284848.07497
2177	3929059.30505	2281858.98452
2178	3932840.9841	2275542.46186
2179	3909596.98696	2315809.54611
2180	3917366.36533	2325160.52125
2181	3931116.92204	2329191.05189
2182	3928706.2329	2339222.58009
2183	3936946.57493	2343627.99503
2184	3919526.53298	2337551.14592
2185	3907741.79364	2346709.09021
2186	3914440.68611	2356889.12219
2187	3917048.0576	2371910.3856
2188	3923623.08629	2389327.70467
2189	3934080.43417	2408397.08118
2190	3940340.07827	2412931.11121
2191	3922788.21385	2421119.8961
2192	3922922.25371	2433138.6016
2193	3913317.61592	2427112.31965
2194	3917305.88856	2458915.91618
2195	3920672.31648	2481410.5065
2196	3924254.55477	2502556.43583
2197	3917925.39153	2506557.11649
2198	3903396.66168	2509812.52955
2199	3915112.80243	2525474.97403
2200	3925107.97061	2525229.2507
2201	3918388.8277	2532379.48624
2202	3927186.04637	2533110.27217
2203	3931990.98399	2530110.86835
2204	3998749.84274	2540260.87431
2205	3913941.67803	2558996.81542
2206	3919173.33486	2548819.63875
2207	3859559.89896	2568459.44657
2208	3920407.10499	2525106.27518
2209	3964361.24404	2715505.38099
2210	3960296.31397	2701634.9754
2211	3997867.88669	2685885.14345
2212	3993259.62497	2677408.72446
2213	3952872.95183	2791649.10236
2214	3986574.13374	2774686.22393
2215	4046511.05183	2743802.08528
2216	4038485.97267	2700499.31954
2217	3925914.89392	2767257.00742
2218	3909444.48123	2765094.22025
2219	3891374.66804	2807580.64078
2220	3880476.71843	2817887.00264
2221	3890440.66711	2747677.32916
2222	3883646.52053	2742146.09693
2223	3885752.12552	2769608.71205
2224	3875121.7663	2778546.76326
2225	3841809.75172	2802258.70241
2226	3877020.46279	2727173.61126
2227	3857354.96361	2709906.83571
2228	3819130.61576	2681520.22456
2229	3858053.13467	2769170.0693
2230	3847866.51351	2761268.90883
2231	4026712.12325	2799303.29756
2232	3957404.30742	2853973.09672
2233	3935538.52085	2860201.84432
2234	3926227.81242	2860873.66349
2235	3920799.88021	2872054.36346
2236	3916778.83283	2895945.01166
2237	3908208.02213	2893900.14669
2238	3887155.34108	2924560.8215
2239	3896391.57395	2929887.1026
2240	3877032.93702	2903133.76326
2241	3849975.52453	2902746.02359
2242	3863755.55653	2940011.92915
2243	3853013.60105	2932847.61568
2244	3853182.66857	2944982.09706
2245	3843922.13486	2939730.49824
2246	3888119.31312	2936622.61511
2247	3850904.48505	2974208.508
2248	4028222.79744	2878617.89661
2249	4048907.20438	2848605.11641
2250	4037524.18896	2852551.95793
2251	4033702.07523	2856118.2013
2252	4025197.87022	2855229.9839
2253	3999261.76272	2853344.39311
2254	3447596.4327	2677135.46866
2255	3470809.72876	2622941.47978
2256	4520681.29115	3093935.69765
2257	4557029.86577	3102983.74789
2258	4544675.21838	3031755.11659
2259	4600164.96742	3049451.84782
2260	4595630.56433	3067357.13001
2261	4613600.34625	3080235.27529
2262	4622915.73817	3077016.33046
2263	4533165.55655	3039402.43514
2264	4531495.47897	3021201.94774
2265	4366964.17922	3234620.20443
2266	4362046.26614	3225827.69993
2267	4341993.29861	3239452.84246
2268	4330472.54175	3248166.89043
2269	4320520.87189	3255032.32134
2270	4304426.94556	3243186.0264
2271	4312804.01805	3211291.84956
2272	4311994.86442	3190045.86634
2273	4326321.14154	3192539.61959
2274	4311187.736	3173174.34342
2275	4317002.63914	3155669.68373
2276	4242053.67604	3248785.90406
2277	4265783.96963	3248465.06562
2278	4264145.09216	3239108.19574
2279	4250626.0436	3232406.03291
2280	4260610.08929	3232274.96302
2281	4227293.7126	3217162.764
2282	4235159.71783	3181394.91144
2283	4294302.53406	3139491.36576
2284	4237608.9747	3018252.00158
2285	4225197.28241	3018464.74023
2286	4643655.57179	3369641.25598
2287	4616918.82169	3399314.23607
2288	4624323.08165	3385651.13465
2289	4684604.37352	3293225.52075
2290	4771661.84401	3442885.74368
2291	4776969.08914	3363111.64905
2292	4872617.21217	3489893.86213
2293	4631213.62415	3427064.51921
2294	4943441.0446	3380620.90664
2295	4999952.69075	3456497.98724
2296	4957710.89536	3352699.36281
2297	5009743.28732	3327564.34203
2298	5007707.23054	3341888.53257
2299	4900557.01193	3294541.47643
2300	4902470.29022	3278385.48255
2301	4815568.96567	3273135.51327
2302	4817287.10716	3285417.40991
2303	4807689.55758	3300197.44937
2304	4788330.74624	3240228.95003
2305	4799746.11489	3237686.07504
2306	4773032.77579	3191041.62797
2307	4704900.71618	3203495.32309
2308	4717493.76613	3205080.04972
2309	4752576.87309	3206167.18785
2310	4816881.04374	3138293.75541
2311	4962786.47408	3260360.88281
2312	4982641.85971	3245954.66014
2313	4934056.37256	3251250.61967
2314	4960423.91669	3249724.2251
2315	4960119.45754	3237532.24501
2316	4950282.22634	3211374.7441
2317	4965146.29245	3183498.89982
2318	4973760.83079	3175494.08403
2319	4952287.26065	3152722.09384
2320	4961364.31462	3141108.07901
2321	4950372.14127	3137307.03937
2322	4968438.47091	3127428.91645
2323	4954563.63699	3128113.80579
2324	5008135.30474	3210483.07545
2325	5413264.35932	2356525.6753
2326	5508708.10616	2372725.86355
2327	5499454.60414	2384695.27291
2328	5341016.35838	2818713.57238
2329	5280823.87355	2826373.83352
2330	5325673.86731	2766200.0455
2331	5305381.61221	2759088.5828
2332	5369092.9338	2743925.34827
2333	5333406.86466	2722111.20928
2334	5381231.49627	2711024.1339
2335	5398952.67531	2715121.75633
2336	5382031.55746	2659414.19756
2337	5399257.29596	2633012.35899
2338	5387672.60138	2628056.36913
2339	5404004.60726	2620117.77304
2340	5333634.79881	2616072.4991
2341	5323618.26746	2612918.02494
2342	5347491.25567	2582758.31074
2343	5360442.7121	2572017.74254
2344	5199141.76713	2588237.26392
2345	5201380.50114	2576246.98719
2346	5451022.65632	2605805.69821
2347	5283197.01079	2557156.64641
2348	5259604.96252	2538158.6592
2349	5381869.52002	2546324.68071
2350	5479632.22743	2612956.88498
2351	5489931.19259	2599842.99059
2352	5467139.26527	2574465.52976
2353	5473041.93863	2563899.82047
2354	5496955.53755	2568761.88051
2355	5476293.71795	2736927.69921
2356	5506783.92503	2736445.61953
2357	5540576.42207	2772306.12928
2358	5569633.50224	2776061.81497
2359	5184444.14579	2461423.40014
2360	5147176.18596	2470398.53329
2361	5097608.57098	2372199.11306
2362	5477579.92055	2485352.57247
2363	5482280.72319	2478692.06362
2364	5411221.57123	2526306.15298
2365	5399171.05999	2517154.52817
2366	5427390.70956	2471466.90839
2367	5438602.26081	2461194.68272
2368	5332365.27428	2475553.9526
2369	5380385.84695	2432485.90076
2370	5373576.12373	2423013.20657
2371	5367848.99243	2397938.76431
2372	5649913.89989	2835540.4568
2373	5685628.3429	2772994.58291
2374	5671884.61279	2774487.3581
2375	5674216.15903	2764569.1332
2376	5628442.1224	2708847.64024
2377	5726603.6968	2660330.41415
2378	5722445.05172	2652532.69259
2379	5591956.40551	2593530.04514
2380	5574832.36496	2551944.18542
2381	5547583.33475	2571624.50704
2382	5554542.16575	2558507.22761
2383	5600368.8125	2514291.78051
2384	5607833.47656	2490955.94013
2385	5639641.70975	2499319.0639
2386	5591688.22403	2456957.43576
2387	5526971.01964	2434771.03523
2388	5132793.87492	2018425.4649
2389	5121494.4501	2075868.6152
2390	5130236.16781	1979411.10275
2391	5165551.51773	2117121.02982
2392	5147651.17904	2185177.71592
2393	5133358.91537	2178910.21971
2394	5126422.43107	2162168.77345
2395	5095112.42269	2189281.59163
2396	5201810.99784	2191584.61703
2397	5104499.87575	2251283.81732
2398	5116882.7549	2248791.11381
2399	5088671.27559	2274528.56543
2400	5244713.44147	2215470.78523
2401	5278167.94396	2177430.11094
2402	5227420.54496	2132844.08028
2403	5208114.77495	2208018.18035
2404	5635260.35988	2259848.34568
2405	5493380.76054	2242443.72533
2406	5600327.2974	2276737.99855
2407	5619386.56404	2314599.6957
2408	5629222.17217	2318398.46142
2409	5562629.68067	2292109.17841
2410	5573302.49492	2283254.13802
2411	5580715.27237	2320763.5156
2412	5597752.09018	2353730.48618
2413	5682702.83325	2387582.54913
2414	5691388.95793	2337295.51458
2415	5697261.23705	2326966.09058
2416	5759883.92017	2387451.49701
2417	5604447.53141	2424503.61579
2418	5622332.24015	2231594.78764
2419	5500691.31679	2215193.17379
2420	5504344.40497	2190000.19724
2421	5517879.90551	2190414.61504
2422	5506188.10598	2174930.75041
2423	5484587.60681	2220375.3116
2424	5431400.77012	2275412.12841
2425	5418058.76554	2282334.99021
2426	5397425.56853	2279729.72306
2427	5406043.62272	2279068.68238
2428	5398267.76983	2272182.63604
2429	5399595.0208	2259225.20251
2430	5404388.24807	2237541.84271
2431	5417888.53684	2271301.43903
2432	5448344.01019	2247712.29937
2433	5452615.27382	2258414.02367
2434	3161787.62095	2305828.84669
2435	3202999.65904	2243305.30013
2436	3217543.63285	2273391.12985
2437	3207213.11388	2275210.03097
2438	3197162.54486	2289584.372
2439	3121319.79909	2221147.81773
2440	3095450.72202	2183071.46978
2441	3104624.2688	2179131.44031
2442	3076147.70557	2147988.02851
2443	3204652.04757	2361314.00106
2444	3209507.97223	2356575.87747
2445	3262328.02707	2268680.80035
2446	3277535.39622	2274036.24828
2447	3283605.90162	2276253.42369
2448	3282977.05105	2281342.75089
2449	3293581.91916	2286776.72641
2450	3301469.28434	2287464.37901
2451	3289889.01162	2279771.14772
2452	3294853.82259	2235693.99923
2453	3317366.882	2227207.46712
2454	3333669.23008	2211065.16681
2455	3363670.65363	2227936.16808
2456	3371846.7285	2257523.96841
2457	3367031.95878	2267102.7275
2458	3360458.45464	2179618.81234
2459	3347734.7967	2166119.39567
2460	3325573.53198	2155839.48101
2461	3301483.33804	2181864.11777
2462	3404129.57848	2156438.47514
2463	3264334.11759	2310810.52468
2464	3266847.10061	2307947.30867
2465	3265289.95489	2304119.51824
2466	3488406.75495	2594000.17708
2467	3536213.42134	2634284.48528
2468	3522418.86567	2627905.72064
2469	3513477.61999	2629173.22482
2470	3628058.73632	2683090.59225
2471	3615307.89475	2659804.81031
2472	3559373.86018	2690628.30584
2473	3607069.7055	2654623.61727
2474	3715493.81075	2710210.83942
2475	3723161.87878	2665950.12881
2476	3567897.44838	2551171.48872
2477	3532001.58473	2498587.96628
2478	3723286.437	3029074.09319
2479	3737233.16733	3000985.85588
2480	3773888.41686	3005212.15639
2481	3738879.10878	3076825.05996
2482	3738378.47278	3101059.84616
2483	3758258.605	3108974.52738
2484	3765649.42173	3108946.78981
2485	3782368.57781	3127420.77203
2486	3791593.64782	3126454.4098
2487	3773972.32724	3106102.30615
2488	3782269.59306	3098210.65317
2489	3764457.13602	3102450.68277
2490	3774296.1195	3092820.03061
2491	3794136.19335	3081244.32995
2492	3806820.68601	3085104.34118
2493	3836886.16031	3086422.24939
2494	3834983.75257	3076322.2098
2495	3821133.71208	3072204.45644
2496	3805398.49747	3070727.63095
2497	3802252.48266	3066203.00828
2498	3814912.85212	3061620.62203
2499	3795287.09154	3050570.16346
2500	3833836.97585	3049527.27623
2501	3832486.35104	3043306.70374
2502	3826059.12843	3036660.15654
2503	3848580.47278	3020064.49117
2504	3846054.40021	2996122.85429
2505	3850163.15805	3048285.00961
2506	3862178.31379	3044943.13933
2507	3876962.90431	3034220.30218
2508	3885979.51865	3026288.88959
2509	3887029.50378	3006577.17082
2510	3890736.46825	2998346.77393
2511	4084478.54417	3347270.92673
2512	4059038.13885	3343634.69426
2513	4047234.693	3341460.40507
2514	4044749.23598	3316519.95907
2515	4085162.10113	3322168.7469
2516	4097932.31781	3367461.75036
2517	4121640.66359	3348777.04824
2518	4013731.52743	3057289.22401
2519	4015439.7044	3048006.56968
2520	4009737.29061	3043047.61631
2521	4007194.82422	3049557.31032
2522	4004926.69567	3056759.93312
2523	3994610.81503	3060931.45134
2524	4000908.09178	3042523.80511
2525	4499811.30173	2209173.7588
2526	4506687.51759	2214127.44244
2527	4465651.06353	2246750.46236
2528	4479221.86951	2262290.57893
2529	4260058.86353	2364656.46405
2530	4346996.92924	2416902.10823
2531	4374991.81814	2451923.99067
2532	4264374.11966	2374720.36648
2533	4384818.12067	2482519.38409
2534	4397053.6556	2517901.31547
2535	4394508.216	2666869.67714
2536	4361082.26019	2653825.87521
2537	4413235.66869	2711933.03455
2538	4404204.80362	2711791.0489
2539	4333485.47278	2758394.92726
2540	4337256.47993	2720877.44078
2541	4388470.66622	2615969.49786
2542	4413642.86745	2607853.6236
2543	4412678.75329	2589084.34089
2544	4396649.73852	2563445.62046
2545	4382773.1168	2601991.44467
2546	4369362.46196	2604885.94639
2547	4383293.24581	2592317.87398
2548	4384924.92846	2557255.5068
2549	4550649.30365	2807998.76822
2550	4534112.97325	2817630.87226
2551	4524514.57742	2793028.54839
2552	4455115.94388	2865394.03388
2553	4486977.63992	2842650.71311
2554	4420295.31746	2933699.90748
2555	4287972.01422	2973462.99493
2556	4288696.5178	2963765.20575
2557	4245228.60575	2941794.31359
2558	4261600.92195	2925835.94684
2559	4244829.47713	2913328.14933
2560	4243464.82769	2844300.98922
2561	4251499.94405	2845402.85773
2562	4251378.54799	2835715.59025
2563	4932448.85833	3020742.52484
2564	4939895.67506	3043284.15677
2565	4950518.7991	3062496.60906
2566	4939696.64612	3061190.52262
2567	4949017.97477	3051104.48182
2568	4950899.02096	3039376.38202
2569	4941713.99317	3027812.36425
2570	4609171.85302	2942505.89236
2571	4644487.65836	3005428.38343
2572	4730205.81547	3003989.62503
2573	4665447.96808	2939173.86547
2574	4661807.88545	2927800.32362
2575	4632018.84526	2940082.99546
2576	4923301.2484	2986829.68957
2577	4942424.89526	2877815.53728
2578	4992873.76538	2944496.37717
2579	4999190.15077	2897004.35893
2580	5137163.38525	2895694.86485
2581	5170442.49266	2927467.24997
2582	5177859.24785	2922004.22227
2583	5181344.72847	2933210.04028
2584	5122928.39258	3108819.72835
2585	5182342.43617	3063855.48166
2586	5069675.84007	3053629.30923
2587	5056750.02817	3096890.74882
2588	5052376.07983	3082996.69968
2589	5033015.57597	3054427.12558
2590	5028931.61479	3065797.90902
2591	4856868.21842	2862461.74608
2592	4864952.70037	2864588.00042
2593	4899023.43547	2817997.58629
2594	5222214.61987	2859408.6614
2595	5215372.77437	2871581.70243
2596	5187299.79554	2833087.51774
2597	5180494.44089	2842639.9104
2598	5103570.97337	2715034.80008
2599	5082375.44103	2788902.70066
2600	5072150.23113	2798750.32922
2601	5018572.44739	2750011.27043
2602	5023571.94202	2734778.69926
2603	4988096.97069	2738985.88468
2604	4991396.17923	2722211.72828
2605	4996473.15009	2674619.46883
2606	4949150.01365	2739056.50202
2607	5085790.03784	2773481.83866
2608	4827673.35643	2794444.83089
2609	4823673.70129	2784858.62666
2610	4560750.90655	3247070.46284
2611	4469136.18885	3233486.65453
2612	4463154.19333	3227684.92007
2613	4454197.22244	3217434.84085
2614	4411770.19663	3219609.25761
2615	4407025.96512	3158897.41575
2616	4528389.7357	3147403.33378
2617	4597190.21006	3134406.61869
2618	4529569.02554	3128061.37331
2619	4459670.91395	3115055.96469
2620	4501514.74676	3133244.99854
2621	4493305.39327	3097322.13054
2622	4449277.05967	3074158.07734
2623	4437718.69438	3077008.39275
2624	4416607.79109	3083447.90871
2625	4508028.44435	3072200.90506
2626	3248238.67963	2327430.13237
2627	3314843.63245	2307429.305
2628	3305286.73233	2303079.29737
2629	3323138.93928	2302544.9677
2630	3325888.97471	2301329.18218
2631	3269487.75233	2337119.68506
2632	3271246.16053	2335064.29354
2633	3271854.34884	2333093.66188
2634	3274157.58903	2331524.6637
2635	3270356.90146	2328931.14081
2636	3275759.06317	2324956.58272
2637	3282509.09773	2331342.48725
2638	3397224.59307	2234272.61658
2639	3475442.31233	2226494.22814
2640	3505707.636	2241476.83661
2641	3434143.03859	2163520.30266
2642	3403211.60961	2126076.99458
2643	3416732.1682	2114416.98464
2644	3152859.07076	2021866.99985
2645	3156541.17236	2020838.88339
2646	3158391.25422	2017958.07845
2647	3155342.48965	2012485.02324
2648	3156818.33322	2007241.07628
2649	3161754.59266	2002798.56327
2650	3149398.59028	2005728.73703
2651	3168251.59441	2038858.45888
2652	3165733.47571	2034313.27246
2653	3154304.44096	2033375.31317
2654	3164293.02317	2030091.87022
2655	3158443.66732	2029582.15633
2656	3161561.41808	2029035.59468
2657	3162858.45892	2025100.89147
2658	3165240.51256	2023150.29546
2659	3169120.08624	2020937.87783
2660	3156950.3075	2024218.53813
2661	3165493.86836	2017304.03717
2662	3155437.45306	2025064.95619
2663	3150688.48154	2024953.51658
2664	3162507.47334	2019781.75028
2665	3160590.31906	2021330.70473
2666	3161246.79253	2018654.6749
2667	3159799.33092	2018908.05008
2668	3158592.50701	2020669.87239
2669	2869974.47343	2112739.0501
2670	2843811.8013	2075050.64208
2671	2842971.2263	2065501.75073
2672	2760752.99596	2070397.9841
2673	2739656.49359	2066442.18904
2674	3010642.63482	2183304.05996
2675	2979399.32095	2196746.23469
2676	2955456.47606	2048659.64174
2677	2951918.88758	2045473.7026
2678	2981555.73374	1992677.78389
2679	2985889.07299	2010850.02177
2680	2958164.96248	2003889.30768
2681	3103617.60917	2325712.25251
2682	3266080.00311	2336909.85018
2683	3263758.0984	2335619.90241
2684	3262790.63797	2334781.43821
2685	3270207.83244	2331879.05692
2686	3271691.27133	2331427.57496
2687	2764956.16003	2127394.80104
2688	2789937.57688	2100861.66164
2689	2790590.31325	2108336.55832
2690	2828026.60255	2106642.20249
2691	2835088.56723	2116458.51626
2692	2859687.88882	2120248.24769
2693	3431244.80784	2110107.24695
2694	3391591.37058	2140910.42259
2695	3385721.88702	2135671.7922
2696	3402520.18923	2112234.85627
2697	3408406.73846	2108571.75833
2698	3508396.09808	2204391.75414
2699	3537175.55712	2208731.81824
2700	3539781.47673	2210833.5214
2701	3539510.18962	2215022.56071
2702	3562072.0946	2214882.18199
2703	3514045.88074	2185337.95265
2704	3512752.06828	2168995.66893
2705	3604513.31461	2212133.466
2706	3672841.91767	2111266.39131
2707	3670961.80172	2089144.50505
2708	3580148.28864	2149688.14987
2709	3643340.53419	2083148.25396
2710	3522272.17392	2066551.23845
2711	3554201.10065	2095261.11699
2712	3579799.51561	2071833.38654
2713	3622880.44381	2050477.07807
2714	3616051.57319	2056307.27199
2715	3582449.74426	2049255.25569
2716	3579965.83118	2043036.96841
2717	3647455.14962	2056867.37862
2718	3650135.49473	2058114.83584
2719	3651835.34477	2059783.22413
2720	3656749.99394	2056118.27379
2721	3659497.61496	2056965.13274
2722	3655507.17499	2069829.52148
2723	3661452.5973	2058591.30341
2724	3675101.26226	2075566.24586
2725	3671708.52443	2071449.53255
2726	3670056.27318	2069254.21127
2727	3667169.54606	2067520.93565
2728	3643319.89777	2077944.07305
2729	3634729.10633	2074035.4472
2730	3625120.67653	2068418.76389
2731	3419630.41994	1922583.41309
2732	3441567.4101	1917068.02398
2733	3439438.08081	1896810.2216
2734	3422244.85866	1883930.01397
2735	3426296.15169	1886101.72238
2736	3428107.61737	1883620.62909
2737	3425436.83304	1882726.94816
2738	3392007.8798	1754300.08724
2739	3398885.88184	1756541.2082
2740	3379620.70961	1775339.78049
2741	3376912.56072	1780941.51701
2742	3376920.83919	1732046.13464
2743	3369520.93488	1712366.35565
2744	3359091.48445	1694110.75812
2745	3336923.81627	1711007.78022
2746	3101590.2879	1678023.8441
2747	3105935.24867	1671629.92596
2748	3037583.01175	1640463.3648
2749	3018718.51692	1635246.38828
2750	2990810.47931	1623389.74606
2751	2935705.67922	1596775.78253
2752	2865216.34326	1667475.73019
2753	2872437.69679	1660477.05238
2754	2886206.27685	1617873.94189
2755	2899579.48801	1643347.04927
2756	2907188.45523	1598213.03576
2757	2897781.46233	1731964.53694
2758	2904563.46736	1733356.23111
2759	2909355.48177	1730999.3908
2760	2913611.25759	1731820.7328
2761	2905086.09154	1736715.5805
2762	2857599.04265	1721210.98417
2763	2824824.12584	1731168.28067
2764	2821710.15902	1736865.13402
2765	2826778.7109	1747336.54368
2766	2979028.16084	1737661.49688
2767	3032910.40372	1772341.81725
2768	3057873.30625	1809371.64423
2769	3096971.28322	1831209.72393
2770	3088783.48833	1845488.51692
2771	3065543.16046	1841154.69801
2772	3100260.60314	1887253.30049
2773	3131736.48458	1918940.51553
2774	3225554.46288	2008397.11339
2775	3211876.62947	1977610.74179
2776	3104696.99047	1994392.73738
2777	3025903.98038	1981375.34549
2778	3179271.54732	2044473.6467
2779	3181888.4489	2041586.67409
2780	3177454.60518	2037888.11245
2781	3181887.12299	2028676.59064
2782	3163083.05164	2049864.64555
2783	3148847.4808	2030497.12614

